#Radius	 Grav acc
0.0000000000e+00	0.0000000000e+00
1.2858000000e+04	0.0000000000e+00
2.5716000000e+04	1.7632247871e-02
3.8574000000e+04	4.7019088161e-02
5.1432000000e+04	8.3752059245e-02
6.4289000000e+04	1.2413176550e-01
7.7147000000e+04	1.6651665316e-01
9.0005000000e+04	2.1013184562e-01
1.0286300000e+05	2.5454174182e-01
1.1572100000e+05	2.9949570296e-01
1.2857900000e+05	3.4483749883e-01
1.4143700000e+05	3.9046483672e-01
1.5429500000e+05	4.3630786979e-01
1.6715300000e+05	4.8231727492e-01
1.8001100000e+05	5.2845717442e-01
1.9286800000e+05	5.7470670298e-01
2.0572600000e+05	6.2102400766e-01
2.1858400000e+05	6.6741838640e-01
2.3144200000e+05	7.1386777998e-01
2.4430000000e+05	7.6036216266e-01
2.5715800000e+05	8.0689329059e-01
2.7001600000e+05	8.5345445745e-01
2.8287400000e+05	9.0004005993e-01
2.9573200000e+05	9.4664538093e-01
3.0858900000e+05	9.9327282893e-01
3.2144700000e+05	1.0398958992e+00
3.3430500000e+05	1.0865381717e+00
3.4716300000e+05	1.1331869912e+00
3.6002100000e+05	1.1798399789e+00
3.7287900000e+05	1.2264950170e+00
3.8573700000e+05	1.2731502496e+00
3.9859500000e+05	1.3198039482e+00
4.1145300000e+05	1.3664545919e+00
4.2431100000e+05	1.4131007808e+00
4.3716800000e+05	1.4597478583e+00
4.5002600000e+05	1.5063709690e+00
4.6288400000e+05	1.5529962461e+00
4.7574200000e+05	1.5996123479e+00
4.8860000000e+05	1.6462182944e+00
5.0145800000e+05	1.6928131134e+00
5.1431600000e+05	1.7393959298e+00
5.2717400000e+05	1.7859658576e+00
5.4003200000e+05	1.8325221028e+00
5.5288900000e+05	1.8790706950e+00
5.6574700000e+05	1.9255868354e+00
5.7860500000e+05	1.9720974463e+00
5.9146300000e+05	2.0185913709e+00
6.0432100000e+05	2.0650679450e+00
6.1717900000e+05	2.1115265173e+00
6.3003700000e+05	2.1579664051e+00
6.4289500000e+05	2.2043869910e+00
6.5575300000e+05	2.2507876187e+00
6.6861100000e+05	2.2971676991e+00
6.8146800000e+05	2.3435335268e+00
6.9432600000e+05	2.3898602409e+00
7.0718400000e+05	2.4361751236e+00
7.2004200000e+05	2.4824670866e+00
7.3290000000e+05	2.5287355864e+00
7.4575800000e+05	2.5749800819e+00
7.5861600000e+05	2.6211999896e+00
7.7147400000e+05	2.6673947826e+00
7.8433200000e+05	2.7135639391e+00
7.9718900000e+05	2.7597138127e+00
8.1004700000e+05	2.8058194821e+00
8.2290500000e+05	2.8519083859e+00
8.3576300000e+05	2.8979695100e+00
8.4862100000e+05	2.9440023535e+00
8.6147900000e+05	2.9900063659e+00
8.7433700000e+05	3.0359810026e+00
8.8719500000e+05	3.0819257729e+00
9.0005300000e+05	3.1278401885e+00
9.1291100000e+05	3.1737237629e+00
9.2576800000e+05	3.2195829144e+00
9.3862600000e+05	3.2653926788e+00
9.5148400000e+05	3.3111805721e+00
9.6434200000e+05	3.3569355978e+00
9.7720000000e+05	3.4026572794e+00
9.9005800000e+05	3.4483450890e+00
1.0029160000e+06	3.4939985550e+00
1.0157740000e+06	3.5396172040e+00
1.0286320000e+06	3.5852004609e+00
1.0414890000e+06	3.6307548315e+00
1.0543470000e+06	3.6762553895e+00
1.0672050000e+06	3.7217296663e+00
1.0800630000e+06	3.7671666832e+00
1.0929210000e+06	3.8125659231e+00
1.1057790000e+06	3.8579268697e+00
1.1186370000e+06	3.9032490617e+00
1.1314950000e+06	3.9485320361e+00
1.1443530000e+06	3.9937752795e+00
1.1572110000e+06	4.0389783319e+00
1.1700680000e+06	4.0841476615e+00
1.1829260000e+06	4.1292583571e+00
1.1957840000e+06	4.1743379215e+00
1.2086420000e+06	4.2193753550e+00
1.2215000000e+06	4.2643702006e+00
1.2215000000e+06	4.4005227536e+00
1.2343320000e+06	4.3095034938e+00
1.2471650000e+06	4.3480877932e+00
1.2599970000e+06	4.3867720818e+00
1.2728300000e+06	4.4255170722e+00
1.2856620000e+06	4.4643515529e+00
1.2984940000e+06	4.5032437565e+00
1.3113270000e+06	4.5421920426e+00
1.3241590000e+06	4.5812158132e+00
1.3369910000e+06	4.6202839703e+00
1.3498240000e+06	4.6593955245e+00
1.3626560000e+06	4.6985703143e+00
1.3754890000e+06	4.7377708711e+00
1.3883210000e+06	4.7770273191e+00
1.4011530000e+06	4.8163094105e+00
1.4139860000e+06	4.8556168963e+00
1.4268180000e+06	4.8949702580e+00
1.4396510000e+06	4.9343328354e+00
1.4524830000e+06	4.9737352997e+00
1.4653150000e+06	5.0131481050e+00
1.4781480000e+06	5.0525715502e+00
1.4909800000e+06	5.0920265899e+00
1.5038120000e+06	5.1314840292e+00
1.5166450000e+06	5.1709445095e+00
1.5294770000e+06	5.2104292070e+00
1.5423100000e+06	5.2499024249e+00
1.5551420000e+06	5.2893953579e+00
1.5679740000e+06	5.3288792480e+00
1.5808070000e+06	5.3683550765e+00
1.5936390000e+06	5.4078443107e+00
1.6064720000e+06	5.4473117146e+00
1.6193040000e+06	5.4867886607e+00
1.6321360000e+06	5.5262467943e+00
1.6449690000e+06	5.5656874004e+00
1.6578010000e+06	5.6051321076e+00
1.6706340000e+06	5.6445460653e+00
1.6834660000e+06	5.6839608061e+00
1.6962980000e+06	5.7233483121e+00
1.7091310000e+06	5.7627101053e+00
1.7219630000e+06	5.8020679684e+00
1.7347950000e+06	5.8413940603e+00
1.7476280000e+06	5.8806899676e+00
1.7604600000e+06	5.9199775435e+00
1.7732930000e+06	5.9592224423e+00
1.7861250000e+06	5.9984562896e+00
1.7989570000e+06	6.0376514574e+00
1.8117900000e+06	6.0768097452e+00
1.8246220000e+06	6.1159530926e+00
1.8374550000e+06	6.1550473135e+00
1.8502870000e+06	6.1941240761e+00
1.8631190000e+06	6.2331560376e+00
1.8759520000e+06	6.2721450708e+00
1.8887840000e+06	6.3111131179e+00
1.9016160000e+06	6.3500329654e+00
1.9144490000e+06	6.3889065471e+00
1.9272810000e+06	6.4277557738e+00
1.9401140000e+06	6.4665468874e+00
1.9529460000e+06	6.5053115588e+00
1.9657780000e+06	6.5440226676e+00
1.9786110000e+06	6.5826822872e+00
1.9914430000e+06	6.6213123984e+00
2.0042760000e+06	6.6598793467e+00
2.0171080000e+06	6.6984147240e+00
2.0299400000e+06	6.7368916478e+00
2.0427730000e+06	6.7753122036e+00
2.0556050000e+06	6.8136983743e+00
2.0684370000e+06	6.8520233802e+00
2.0812700000e+06	6.8902892329e+00
2.0941020000e+06	6.9285178556e+00
2.1069350000e+06	6.9666759587e+00
2.1197670000e+06	7.0047951077e+00
2.1325990000e+06	7.0428486385e+00
2.1454320000e+06	7.0808386585e+00
2.1582640000e+06	7.1187870681e+00
2.1710970000e+06	7.1566607087e+00
2.1839290000e+06	7.1944910239e+00
2.1967610000e+06	7.2322515120e+00
2.2095940000e+06	7.2699443112e+00
2.2224260000e+06	7.3075912358e+00
2.2352590000e+06	7.3451593071e+00
2.2480910000e+06	7.3826799408e+00
2.2609230000e+06	7.4201267379e+00
2.2737560000e+06	7.4575018062e+00
2.2865880000e+06	7.4948269701e+00
2.2994200000e+06	7.5320759778e+00
2.3122530000e+06	7.5692509446e+00
2.3250850000e+06	7.6063736128e+00
2.3379180000e+06	7.6434112836e+00
2.3507500000e+06	7.6803951138e+00
2.3635820000e+06	7.7172989515e+00
2.3764150000e+06	7.7541249760e+00
2.3892470000e+06	7.7908948716e+00
2.4020800000e+06	7.8275760076e+00
2.4149120000e+06	7.8641994870e+00
2.4277440000e+06	7.9007393093e+00
2.4405770000e+06	7.9371975506e+00
2.4534090000e+06	7.9735958336e+00
2.4662410000e+06	8.0099082499e+00
2.4790740000e+06	8.0461369282e+00
2.4919060000e+06	8.0823034496e+00
2.5047390000e+06	8.1183755144e+00
2.5175710000e+06	8.1543839284e+00
2.5304030000e+06	8.1903028828e+00
2.5432360000e+06	8.2261345014e+00
2.5560680000e+06	8.2619002923e+00
2.5689010000e+06	8.2975680779e+00
2.5817330000e+06	8.3331685356e+00
2.5945650000e+06	8.3686760100e+00
2.6073980000e+06	8.4040925629e+00
2.6202300000e+06	8.4394396239e+00
2.6330630000e+06	8.4746851930e+00
2.6458950000e+06	8.5098598115e+00
2.6587270000e+06	8.5449379791e+00
2.6715600000e+06	8.5799217445e+00
2.6843920000e+06	8.6148323993e+00
2.6972240000e+06	8.6496444849e+00
2.7100570000e+06	8.6843600407e+00
2.7228890000e+06	8.7190003058e+00
2.7357220000e+06	8.7535335707e+00
2.7485540000e+06	8.7879900899e+00
2.7613860000e+06	8.8223445647e+00
2.7742190000e+06	8.8565990689e+00
2.7870510000e+06	8.8907746963e+00
2.7998840000e+06	8.9248398693e+00
2.8127160000e+06	8.9588247420e+00
2.8255480000e+06	8.9927041765e+00
2.8383810000e+06	9.0264801190e+00
2.8512130000e+06	9.0601735674e+00
2.8640450000e+06	9.0937594829e+00
2.8768780000e+06	9.1272397977e+00
2.8897100000e+06	9.1606355032e+00
2.9025430000e+06	9.1939153243e+00
2.9153750000e+06	9.2271090491e+00
2.9282070000e+06	9.2601918057e+00
2.9410400000e+06	9.2931655009e+00
2.9538720000e+06	9.3260509689e+00
2.9667050000e+06	9.3588170769e+00
2.9795370000e+06	9.3914934960e+00
2.9923690000e+06	9.4240555241e+00
3.0052020000e+06	9.4565049871e+00
3.0180340000e+06	9.4888626116e+00
3.0308660000e+06	9.5211037464e+00
3.0436990000e+06	9.5532301997e+00
3.0565310000e+06	9.5852626315e+00
3.0693640000e+06	9.6171702296e+00
3.0821960000e+06	9.6489823258e+00
3.0950280000e+06	9.6806744989e+00
3.1078610000e+06	9.7122485250e+00
3.1206930000e+06	9.7437248430e+00
3.1335260000e+06	9.7750728479e+00
3.1463580000e+06	9.8063217377e+00
3.1591900000e+06	9.8374471649e+00
3.1720230000e+06	9.8684508733e+00
3.1848550000e+06	9.8993532360e+00
3.1976880000e+06	9.9301238059e+00
3.2105200000e+06	9.9607915884e+00
3.2233520000e+06	9.9913324205e+00
3.2361850000e+06	1.0021747957e+01
3.2490170000e+06	1.0052058449e+01
3.2618490000e+06	1.0082239900e+01
3.2746820000e+06	1.0112293943e+01
3.2875140000e+06	1.0142240699e+01
3.3003470000e+06	1.0172050069e+01
3.3131790000e+06	1.0201750632e+01
3.3260110000e+06	1.0231318582e+01
3.3388440000e+06	1.0260755514e+01
3.3516760000e+06	1.0290081421e+01
3.3645090000e+06	1.0319266427e+01
3.3773410000e+06	1.0348338903e+01
3.3901730000e+06	1.0377275185e+01
3.4030060000e+06	1.0406076828e+01
3.4158380000e+06	1.0434763692e+01
3.4286700000e+06	1.0463312181e+01
3.4415030000e+06	1.0491723825e+01
3.4543350000e+06	1.0520018402e+01
3.4671680000e+06	1.0548166353e+01
3.4800000000e+06	1.0576195648e+01
3.4800000000e+06	1.0682429193e+01
3.4936360000e+06	1.0599202817e+01
3.5072730000e+06	1.0579781999e+01
3.5209090000e+06	1.0560765553e+01
3.5345450000e+06	1.0542131561e+01
3.5481820000e+06	1.0523872230e+01
3.5618180000e+06	1.0505997705e+01
3.5754550000e+06	1.0488480711e+01
3.5890910000e+06	1.0471336094e+01
3.6027270000e+06	1.0454542712e+01
3.6163640000e+06	1.0438093443e+01
3.6300000000e+06	1.0421998666e+01
3.6300000000e+06	1.0484566120e+01
3.6427920000e+06	1.0411060366e+01
3.6555840000e+06	1.0396554071e+01
3.6683770000e+06	1.0382330750e+01
3.6811690000e+06	1.0368401885e+01
3.6939610000e+06	1.0354748322e+01
3.7067530000e+06	1.0341370290e+01
3.7195450000e+06	1.0328263539e+01
3.7323380000e+06	1.0315418359e+01
3.7451300000e+06	1.0302846255e+01
3.7579220000e+06	1.0290528624e+01
3.7707140000e+06	1.0278466026e+01
3.7835060000e+06	1.0266654559e+01
3.7962990000e+06	1.0255084980e+01
3.8090910000e+06	1.0243768851e+01
3.8218830000e+06	1.0232688076e+01
3.8346750000e+06	1.0221843458e+01
3.8474680000e+06	1.0211226101e+01
3.8602600000e+06	1.0200847652e+01
3.8730520000e+06	1.0190690286e+01
3.8858440000e+06	1.0180755074e+01
3.8986360000e+06	1.0171038658e+01
3.9114290000e+06	1.0161532486e+01
3.9242210000e+06	1.0152248234e+01
3.9370130000e+06	1.0143168569e+01
3.9498050000e+06	1.0134294754e+01
3.9625970000e+06	1.0125623693e+01
3.9753900000e+06	1.0117147199e+01
3.9881820000e+06	1.0108876910e+01
4.0009740000e+06	1.0100795903e+01
4.0137660000e+06	1.0092905657e+01
4.0265580000e+06	1.0085203317e+01
4.0393510000e+06	1.0077681085e+01
4.0521430000e+06	1.0070350548e+01
4.0649350000e+06	1.0063195109e+01
4.0777270000e+06	1.0056216498e+01
4.0905190000e+06	1.0049412077e+01
4.1033120000e+06	1.0042774303e+01
4.1161040000e+06	1.0036314758e+01
4.1288960000e+06	1.0030017199e+01
4.1416880000e+06	1.0023883531e+01
4.1544810000e+06	1.0017906440e+01
4.1672730000e+06	1.0012097495e+01
4.1800650000e+06	1.0006440775e+01
4.1928570000e+06	1.0000938258e+01
4.2056490000e+06	9.9955876003e+00
4.2184420000e+06	9.9903817555e+00
4.2312340000e+06	9.9853322714e+00
4.2440260000e+06	9.9804234872e+00
4.2568180000e+06	9.9756575277e+00
4.2696100000e+06	9.9710322173e+00
4.2824030000e+06	9.9665407576e+00
4.2951950000e+06	9.9621946683e+00
4.3079870000e+06	9.9579785837e+00
4.3207790000e+06	9.9538947596e+00
4.3335710000e+06	9.9499411742e+00
4.3463640000e+06	9.9461112057e+00
4.3591560000e+06	9.9424163396e+00
4.3719480000e+06	9.9388414889e+00
4.3847400000e+06	9.9353890263e+00
4.3975320000e+06	9.9320570718e+00
4.4103250000e+06	9.9288392165e+00
4.4231170000e+06	9.9257469066e+00
4.4359090000e+06	9.9227653176e+00
4.4487010000e+06	9.9198968742e+00
4.4614940000e+06	9.9171353274e+00
4.4742860000e+06	9.9144920891e+00
4.4870780000e+06	9.9119525346e+00
4.4998700000e+06	9.9095191650e+00
4.5126620000e+06	9.9071902732e+00
4.5254550000e+06	9.9049598512e+00
4.5382470000e+06	9.9028392101e+00
4.5510390000e+06	9.9008139109e+00
4.5638310000e+06	9.8988865945e+00
4.5766230000e+06	9.8970557185e+00
4.5894160000e+06	9.8953153957e+00
4.6022080000e+06	9.8936768344e+00
4.6150000000e+06	9.8921258749e+00
4.6277920000e+06	9.8906651818e+00
4.6405840000e+06	9.8892932626e+00
4.6533770000e+06	9.8880044473e+00
4.6661690000e+06	9.8868098901e+00
4.6789610000e+06	9.8856955944e+00
4.6917530000e+06	9.8846643469e+00
4.7045450000e+06	9.8837146960e+00
4.7173380000e+06	9.8828410721e+00
4.7301300000e+06	9.8820546804e+00
4.7429220000e+06	9.8813416760e+00
4.7557140000e+06	9.8807048541e+00
4.7685060000e+06	9.8801429040e+00
4.7812990000e+06	9.8796503462e+00
4.7940910000e+06	9.8792382744e+00
4.8068830000e+06	9.8788930946e+00
4.8196750000e+06	9.8786176561e+00
4.8324680000e+06	9.8784066410e+00
4.8452600000e+06	9.8782710946e+00
4.8580520000e+06	9.8781975212e+00
4.8708440000e+06	9.8781887556e+00
4.8836360000e+06	9.8782436289e+00
4.8964290000e+06	9.8783569515e+00
4.9092210000e+06	9.8785396537e+00
4.9220130000e+06	9.8787784233e+00
4.9348050000e+06	9.8790761918e+00
4.9475970000e+06	9.8794318607e+00
4.9603900000e+06	9.8798403076e+00
4.9731820000e+06	9.8803123998e+00
4.9859740000e+06	9.8808350014e+00
4.9987660000e+06	9.8814110818e+00
5.0115580000e+06	9.8820395543e+00
5.0243510000e+06	9.8827154113e+00
5.0371430000e+06	9.8834495081e+00
5.0499350000e+06	9.8842288258e+00
5.0627270000e+06	9.8850563669e+00
5.0755190000e+06	9.8859311051e+00
5.0883120000e+06	9.8868481408e+00
5.1011040000e+06	9.8878182096e+00
5.1138960000e+06	9.8888285112e+00
5.1266880000e+06	9.8898820754e+00
5.1394810000e+06	9.8909740307e+00
5.1522730000e+06	9.8921150593e+00
5.1650650000e+06	9.8932924887e+00
5.1778570000e+06	9.8945092619e+00
5.1906490000e+06	9.8957644525e+00
5.2034420000e+06	9.8970533933e+00
5.2162340000e+06	9.8983866982e+00
5.2290260000e+06	9.8997517973e+00
5.2418180000e+06	9.9011516543e+00
5.2546100000e+06	9.9025853925e+00
5.2674030000e+06	9.9040483840e+00
5.2801950000e+06	9.9055511739e+00
5.2929870000e+06	9.9070813974e+00
5.3057790000e+06	9.9086420349e+00
5.3185710000e+06	9.9102322027e+00
5.3313640000e+06	9.9118473611e+00
5.3441560000e+06	9.9134979849e+00
5.3569480000e+06	9.9151718042e+00
5.3697400000e+06	9.9168718130e+00
5.3825320000e+06	9.9185971710e+00
5.3953250000e+06	9.9203434224e+00
5.4081170000e+06	9.9221209712e+00
5.4209090000e+06	9.9239176920e+00
5.4337010000e+06	9.9257365892e+00
5.4464940000e+06	9.9275732173e+00
5.4592860000e+06	9.9294378703e+00
5.4720780000e+06	9.9313185898e+00
5.4848700000e+06	9.9332183859e+00
5.4976620000e+06	9.9351364893e+00
5.5104550000e+06	9.9370685314e+00
5.5232470000e+06	9.9390247343e+00
5.5360390000e+06	9.9409932251e+00
5.5488310000e+06	9.9429770193e+00
5.5616230000e+06	9.9449754368e+00
5.5744160000e+06	9.9469841290e+00
5.5872080000e+06	9.9490132453e+00
5.6000000000e+06	9.9510510494e+00
5.6000000000e+06	9.9986238913e+00
5.6144290000e+06	9.9472972976e+00
5.6288570000e+06	9.9496392068e+00
5.6432860000e+06	9.9519867733e+00
5.6577140000e+06	9.9543534707e+00
5.6721430000e+06	9.9567239129e+00
5.6865710000e+06	9.9591114713e+00
5.7010000000e+06	9.9615007819e+00
5.7010000000e+06	1.0014401977e+01
5.7185000000e+06	9.9532027541e+00
5.7360000000e+06	9.9505553565e+00
5.7535000000e+06	9.9480505950e+00
5.7710000000e+06	9.9456863806e+00
5.7710000000e+06	1.0003857257e+01
5.7843330000e+06	9.9577922382e+00
5.7976670000e+06	9.9560732646e+00
5.8110000000e+06	9.9542879250e+00
5.8243330000e+06	9.9524259942e+00
5.8376670000e+06	9.9504871710e+00
5.8510000000e+06	9.9484813504e+00
5.8643330000e+06	9.9463984226e+00
5.8776670000e+06	9.9442380765e+00
5.8910000000e+06	9.9420101202e+00
5.9043330000e+06	9.9397045599e+00
5.9176670000e+06	9.9373210732e+00
5.9310000000e+06	9.9348693825e+00
5.9443330000e+06	9.9323396084e+00
5.9576670000e+06	9.9297314181e+00
5.9710000000e+06	9.9270544470e+00
5.9710000000e+06	9.9686695258e+00
5.9848460000e+06	9.9225976516e+00
5.9986920000e+06	9.9176334716e+00
6.0125380000e+06	9.9127027657e+00
6.0263850000e+06	9.9078014407e+00
6.0402310000e+06	9.9029382756e+00
6.0540770000e+06	9.8981033784e+00
6.0679230000e+06	9.8932989593e+00
6.0817690000e+06	9.8885243622e+00
6.0956150000e+06	9.8837788812e+00
6.1094620000e+06	9.8790585266e+00
6.1233080000e+06	9.8743719766e+00
6.1371540000e+06	9.8697095243e+00
6.1510000000e+06	9.8650733864e+00
6.1510000000e+06	9.9049050392e+00
6.1650000000e+06	9.8599703367e+00
6.1790000000e+06	9.8545040016e+00
6.1930000000e+06	9.8491814487e+00
6.2070000000e+06	9.8440014626e+00
6.2210000000e+06	9.8389628999e+00
6.2350000000e+06	9.8340645720e+00
6.2490000000e+06	9.8293052454e+00
6.2630000000e+06	9.8246837584e+00
6.2770000000e+06	9.8201989621e+00
6.2910000000e+06	9.8158497203e+00
6.2910000000e+06	9.8553532109e+00
6.3095330000e+06	9.7975419551e+00
6.3280670000e+06	9.7922133692e+00
6.3466000000e+06	9.7871211411e+00
6.3466000000e+06	9.8394687554e+00
6.3560000000e+06	9.8103867500e+00
6.3560000000e+06	9.8332016865e+00
6.3680000000e+06	9.7961767993e+00
6.3680000000e+06	9.8222786859e+00
6.3710000000e+06	9.8130305621e+00
