# PREM Dziewonski & Anderson 1981 
# Radius (km) Pressure (Pa), rho (g/m^3) Vp (m/s) Vs (m/s) Qk  Qm 
3.493636e+06 1.350900e+11 5.559620e+06 1.371327e+07 7.264790e+06 1.000000e+05 3.550000e+02
3.507273e+06 1.342900e+11 5.552790e+06 1.370994e+07 7.264930e+06 1.000000e+05 3.550000e+02
3.520909e+06 1.334800e+11 5.545960e+06 1.370662e+07 7.265060e+06 1.000000e+05 3.550000e+02
3.534545e+06 1.326800e+11 5.539140e+06 1.370330e+07 7.265190e+06 1.000000e+05 3.550000e+02
3.548182e+06 1.318800e+11 5.532320e+06 1.370000e+07 7.265310e+06 1.000000e+05 3.550000e+02
3.561818e+06 1.310800e+11 5.525510e+06 1.369672e+07 7.265430e+06 1.000000e+05 3.550000e+02
3.575455e+06 1.302800e+11 5.518700e+06 1.369344e+07 7.265550e+06 1.000000e+05 3.550000e+02
3.589091e+06 1.294900e+11 5.511890e+06 1.369017e+07 7.265660e+06 1.000000e+05 3.550000e+02
3.602727e+06 1.287000e+11 5.505080e+06 1.368692e+07 7.265770e+06 1.000000e+05 3.550000e+02
3.616364e+06 1.279100e+11 5.498280e+06 1.368367e+07 7.265870e+06 1.000000e+05 3.550000e+02
3.630000e+06 1.271200e+11 5.491480e+06 1.368044e+07 7.265970e+06 1.000000e+05 3.550000e+02
3.630000e+06 1.271200e+11 5.491480e+06 1.368042e+07 7.265930e+06 1.000000e+05 3.550000e+02
3.642792e+06 1.263900e+11 5.485100e+06 1.366489e+07 7.260060e+06 1.000000e+05 3.550000e+02
3.655584e+06 1.256500e+11 5.478720e+06 1.364941e+07 7.254210e+06 1.000000e+05 3.550000e+02
3.668377e+06 1.249200e+11 5.472350e+06 1.363397e+07 7.248370e+06 1.000000e+05 3.550000e+02
3.681169e+06 1.241900e+11 5.465980e+06 1.361857e+07 7.242540e+06 1.000000e+05 3.550000e+02
3.693961e+06 1.234600e+11 5.459610e+06 1.360322e+07 7.236720e+06 1.000000e+05 3.550000e+02
3.706753e+06 1.227400e+11 5.453240e+06 1.358791e+07 7.230920e+06 1.000000e+05 3.550000e+02
3.719545e+06 1.220100e+11 5.446870e+06 1.357264e+07 7.225120e+06 1.000000e+05 3.550000e+02
3.732338e+06 1.212900e+11 5.440500e+06 1.355741e+07 7.219330e+06 1.000000e+05 3.550000e+02
3.745130e+06 1.205700e+11 5.434140e+06 1.354221e+07 7.213550e+06 1.000000e+05 3.550000e+02
3.757922e+06 1.198500e+11 5.427770e+06 1.352705e+07 7.207790e+06 1.000000e+05 3.550000e+02
3.770714e+06 1.191300e+11 5.421410e+06 1.351193e+07 7.202020e+06 1.000000e+05 3.550000e+02
3.783506e+06 1.184100e+11 5.415040e+06 1.349684e+07 7.196270e+06 1.000000e+05 3.550000e+02
3.796299e+06 1.177000e+11 5.408680e+06 1.348178e+07 7.190530e+06 1.000000e+05 3.550000e+02
3.809091e+06 1.169900e+11 5.402320e+06 1.346676e+07 7.184790e+06 1.000000e+05 3.550000e+02
3.821883e+06 1.162800e+11 5.395950e+06 1.345176e+07 7.179060e+06 1.000000e+05 3.550000e+02
3.834675e+06 1.155700e+11 5.389590e+06 1.343679e+07 7.173330e+06 1.000000e+05 3.550000e+02
3.847468e+06 1.148600e+11 5.383230e+06 1.342185e+07 7.167610e+06 1.000000e+05 3.550000e+02
3.860260e+06 1.141500e+11 5.376860e+06 1.340694e+07 7.161900e+06 1.000000e+05 3.550000e+02
3.873052e+06 1.134500e+11 5.370500e+06 1.339205e+07 7.156190e+06 1.000000e+05 3.550000e+02
3.885844e+06 1.127400e+11 5.364130e+06 1.337718e+07 7.150480e+06 1.000000e+05 3.550000e+02
3.898636e+06 1.120400e+11 5.357760e+06 1.336234e+07 7.144780e+06 1.000000e+05 3.550000e+02
3.911429e+06 1.113400e+11 5.351400e+06 1.334751e+07 7.139080e+06 1.000000e+05 3.550000e+02
3.924221e+06 1.106400e+11 5.345030e+06 1.333271e+07 7.133390e+06 1.000000e+05 3.550000e+02
3.937013e+06 1.099400e+11 5.338660e+06 1.331792e+07 7.127700e+06 1.000000e+05 3.550000e+02
3.949805e+06 1.092500e+11 5.332290e+06 1.330315e+07 7.122010e+06 1.000000e+05 3.550000e+02
3.962597e+06 1.085500e+11 5.325910e+06 1.328840e+07 7.116320e+06 1.000000e+05 3.550000e+02
3.975390e+06 1.078600e+11 5.319540e+06 1.327366e+07 7.110630e+06 1.000000e+05 3.550000e+02
3.988182e+06 1.071700e+11 5.313160e+06 1.325893e+07 7.104940e+06 1.000000e+05 3.550000e+02
4.000974e+06 1.064800e+11 5.306780e+06 1.324422e+07 7.099260e+06 1.000000e+05 3.550000e+02
4.013766e+06 1.057900e+11 5.300400e+06 1.322951e+07 7.093570e+06 1.000000e+05 3.550000e+02
4.026558e+06 1.051000e+11 5.294020e+06 1.321482e+07 7.087880e+06 1.000000e+05 3.550000e+02
4.039351e+06 1.044100e+11 5.287630e+06 1.320013e+07 7.082190e+06 1.000000e+05 3.550000e+02
4.052143e+06 1.037300e+11 5.281240e+06 1.318545e+07 7.076500e+06 1.000000e+05 3.550000e+02
4.064935e+06 1.030400e+11 5.274850e+06 1.317077e+07 7.070810e+06 1.000000e+05 3.550000e+02
4.077727e+06 1.023600e+11 5.268460e+06 1.315610e+07 7.065120e+06 1.000000e+05 3.550000e+02
4.090519e+06 1.016800e+11 5.262060e+06 1.314143e+07 7.059420e+06 1.000000e+05 3.550000e+02
4.103312e+06 1.010000e+11 5.255660e+06 1.312677e+07 7.053720e+06 1.000000e+05 3.550000e+02
4.116104e+06 1.003200e+11 5.249250e+06 1.311210e+07 7.048020e+06 1.000000e+05 3.550000e+02
4.128896e+06 9.964000e+10 5.242850e+06 1.309743e+07 7.042310e+06 1.000000e+05 3.550000e+02
4.141688e+06 9.897000e+10 5.236430e+06 1.308276e+07 7.036590e+06 1.000000e+05 3.550000e+02
4.154481e+06 9.829000e+10 5.230020e+06 1.306808e+07 7.030880e+06 1.000000e+05 3.550000e+02
4.167273e+06 9.762000e+10 5.223600e+06 1.305340e+07 7.025150e+06 1.000000e+05 3.550000e+02
4.180065e+06 9.695000e+10 5.217180e+06 1.303871e+07 7.019420e+06 1.000000e+05 3.550000e+02
4.192857e+06 9.628000e+10 5.210750e+06 1.302402e+07 7.013690e+06 1.000000e+05 3.550000e+02
4.205649e+06 9.561000e+10 5.204320e+06 1.300932e+07 7.007940e+06 1.000000e+05 3.550000e+02
4.218442e+06 9.494000e+10 5.197880e+06 1.299460e+07 7.002190e+06 1.000000e+05 3.550000e+02
4.231234e+06 9.427000e+10 5.191440e+06 1.297988e+07 6.996430e+06 1.000000e+05 3.550000e+02
4.244026e+06 9.360000e+10 5.184990e+06 1.296514e+07 6.990670e+06 1.000000e+05 3.550000e+02
4.256818e+06 9.294000e+10 5.178540e+06 1.295039e+07 6.984890e+06 1.000000e+05 3.550000e+02
4.269610e+06 9.227000e+10 5.172080e+06 1.293562e+07 6.979110e+06 1.000000e+05 3.550000e+02
4.282403e+06 9.161000e+10 5.165620e+06 1.292083e+07 6.973310e+06 1.000000e+05 3.550000e+02
4.295195e+06 9.095000e+10 5.159150e+06 1.290603e+07 6.967510e+06 1.000000e+05 3.550000e+02
4.307987e+06 9.029000e+10 5.152680e+06 1.289121e+07 6.961690e+06 1.000000e+05 3.550000e+02
4.320779e+06 8.963000e+10 5.146200e+06 1.287636e+07 6.955870e+06 1.000000e+05 3.550000e+02
4.333571e+06 8.897000e+10 5.139710e+06 1.286150e+07 6.950030e+06 1.000000e+05 3.550000e+02
4.346364e+06 8.831000e+10 5.133220e+06 1.284661e+07 6.944180e+06 1.000000e+05 3.550000e+02
4.359156e+06 8.766000e+10 5.126720e+06 1.283170e+07 6.938320e+06 1.000000e+05 3.550000e+02
4.371948e+06 8.700000e+10 5.120220e+06 1.281676e+07 6.932440e+06 1.000000e+05 3.550000e+02
4.384740e+06 8.635000e+10 5.113710e+06 1.280180e+07 6.926550e+06 1.000000e+05 3.550000e+02
4.397532e+06 8.569000e+10 5.107190e+06 1.278680e+07 6.920650e+06 1.000000e+05 3.550000e+02
4.410325e+06 8.504000e+10 5.100670e+06 1.277178e+07 6.914740e+06 1.000000e+05 3.550000e+02
4.423117e+06 8.439000e+10 5.094140e+06 1.275672e+07 6.908810e+06 1.000000e+05 3.550000e+02
4.435909e+06 8.374000e+10 5.087600e+06 1.274164e+07 6.902860e+06 1.000000e+05 3.550000e+02
4.448701e+06 8.309000e+10 5.081050e+06 1.272651e+07 6.896900e+06 1.000000e+05 3.550000e+02
4.461494e+06 8.244000e+10 5.074500e+06 1.271136e+07 6.890920e+06 1.000000e+05 3.550000e+02
4.474286e+06 8.180000e+10 5.067940e+06 1.269617e+07 6.884930e+06 1.000000e+05 3.550000e+02
4.487078e+06 8.115000e+10 5.061370e+06 1.268094e+07 6.878920e+06 1.000000e+05 3.550000e+02
4.499870e+06 8.051000e+10 5.054790e+06 1.266567e+07 6.872890e+06 1.000000e+05 3.550000e+02
4.512662e+06 7.986000e+10 5.048210e+06 1.265036e+07 6.866850e+06 1.000000e+05 3.550000e+02
4.525455e+06 7.922000e+10 5.041610e+06 1.263501e+07 6.860790e+06 1.000000e+05 3.550000e+02
4.538247e+06 7.858000e+10 5.035010e+06 1.261962e+07 6.854700e+06 1.000000e+05 3.550000e+02
4.551039e+06 7.794000e+10 5.028400e+06 1.260418e+07 6.848600e+06 1.000000e+05 3.550000e+02
4.563831e+06 7.730000e+10 5.021790e+06 1.258870e+07 6.842480e+06 1.000000e+05 3.550000e+02
4.576623e+06 7.666000e+10 5.015160e+06 1.257318e+07 6.836340e+06 1.000000e+05 3.550000e+02
4.589416e+06 7.602000e+10 5.008520e+06 1.255760e+07 6.830180e+06 1.000000e+05 3.550000e+02
4.602208e+06 7.538000e+10 5.001880e+06 1.254198e+07 6.824000e+06 1.000000e+05 3.550000e+02
4.615000e+06 7.474000e+10 4.995220e+06 1.252630e+07 6.817800e+06 1.000000e+05 3.550000e+02
4.627792e+06 7.411000e+10 4.988560e+06 1.251057e+07 6.811570e+06 1.000000e+05 3.550000e+02
4.640584e+06 7.347000e+10 4.981890e+06 1.249479e+07 6.805320e+06 1.000000e+05 3.550000e+02
4.653377e+06 7.284000e+10 4.975200e+06 1.247896e+07 6.799050e+06 1.000000e+05 3.550000e+02
4.666169e+06 7.221000e+10 4.968510e+06 1.246307e+07 6.792760e+06 1.000000e+05 3.550000e+02
4.678961e+06 7.158000e+10 4.961810e+06 1.244712e+07 6.786440e+06 1.000000e+05 3.550000e+02
4.691753e+06 7.095000e+10 4.955090e+06 1.243112e+07 6.780100e+06 1.000000e+05 3.550000e+02
4.704545e+06 7.032000e+10 4.948370e+06 1.241505e+07 6.773740e+06 1.000000e+05 3.550000e+02
4.717338e+06 6.969000e+10 4.941640e+06 1.239893e+07 6.767350e+06 1.000000e+05 3.550000e+02
4.730130e+06 6.906000e+10 4.934890e+06 1.238274e+07 6.760930e+06 1.000000e+05 3.550000e+02
4.742922e+06 6.843000e+10 4.928140e+06 1.236649e+07 6.754490e+06 1.000000e+05 3.550000e+02
4.755714e+06 6.781000e+10 4.921370e+06 1.235018e+07 6.748020e+06 1.000000e+05 3.550000e+02
4.768506e+06 6.718000e+10 4.914590e+06 1.233380e+07 6.741530e+06 1.000000e+05 3.550000e+02
4.781299e+06 6.656000e+10 4.907800e+06 1.231735e+07 6.735010e+06 1.000000e+05 3.550000e+02
4.794091e+06 6.593000e+10 4.901000e+06 1.230083e+07 6.728460e+06 1.000000e+05 3.550000e+02
4.806883e+06 6.531000e+10 4.894190e+06 1.228424e+07 6.721880e+06 1.000000e+05 3.550000e+02
4.819675e+06 6.469000e+10 4.887370e+06 1.226759e+07 6.715270e+06 1.000000e+05 3.550000e+02
4.832468e+06 6.407000e+10 4.880540e+06 1.225086e+07 6.708640e+06 1.000000e+05 3.550000e+02
4.845260e+06 6.345000e+10 4.873690e+06 1.223405e+07 6.701970e+06 1.000000e+05 3.550000e+02
4.858052e+06 6.283000e+10 4.866830e+06 1.221717e+07 6.695280e+06 1.000000e+05 3.550000e+02
4.870844e+06 6.221000e+10 4.859960e+06 1.220022e+07 6.688550e+06 1.000000e+05 3.550000e+02
4.883636e+06 6.160000e+10 4.853080e+06 1.218319e+07 6.681800e+06 1.000000e+05 3.550000e+02
4.896429e+06 6.098000e+10 4.846180e+06 1.216607e+07 6.675010e+06 1.000000e+05 3.550000e+02
4.909221e+06 6.036000e+10 4.839270e+06 1.214888e+07 6.668190e+06 1.000000e+05 3.550000e+02
4.922013e+06 5.975000e+10 4.832350e+06 1.213161e+07 6.661340e+06 1.000000e+05 3.550000e+02
4.934805e+06 5.914000e+10 4.825420e+06 1.211425e+07 6.654460e+06 1.000000e+05 3.550000e+02
4.947597e+06 5.852000e+10 4.818470e+06 1.209681e+07 6.647540e+06 1.000000e+05 3.550000e+02
4.960390e+06 5.791000e+10 4.811510e+06 1.207929e+07 6.640590e+06 1.000000e+05 3.550000e+02
4.973182e+06 5.730000e+10 4.804530e+06 1.206167e+07 6.633610e+06 1.000000e+05 3.550000e+02
4.985974e+06 5.669000e+10 4.797550e+06 1.204397e+07 6.626590e+06 1.000000e+05 3.550000e+02
4.998766e+06 5.608000e+10 4.790540e+06 1.202619e+07 6.619540e+06 1.000000e+05 3.550000e+02
5.011558e+06 5.547000e+10 4.783530e+06 1.200831e+07 6.612450e+06 1.000000e+05 3.550000e+02
5.024351e+06 5.486000e+10 4.776500e+06 1.199033e+07 6.605320e+06 1.000000e+05 3.550000e+02
5.037143e+06 5.426000e+10 4.769450e+06 1.197227e+07 6.598160e+06 1.000000e+05 3.550000e+02
5.049935e+06 5.365000e+10 4.762400e+06 1.195411e+07 6.590970e+06 1.000000e+05 3.550000e+02
5.062727e+06 5.305000e+10 4.755320e+06 1.193585e+07 6.583730e+06 1.000000e+05 3.550000e+02
5.075519e+06 5.244000e+10 4.748240e+06 1.191750e+07 6.576460e+06 1.000000e+05 3.550000e+02
5.088312e+06 5.184000e+10 4.741130e+06 1.189905e+07 6.569150e+06 1.000000e+05 3.550000e+02
5.101104e+06 5.124000e+10 4.734020e+06 1.188050e+07 6.561800e+06 1.000000e+05 3.550000e+02
5.113896e+06 5.063000e+10 4.726890e+06 1.186185e+07 6.554410e+06 1.000000e+05 3.550000e+02
5.126688e+06 5.003000e+10 4.719740e+06 1.184310e+07 6.546990e+06 1.000000e+05 3.550000e+02
5.139481e+06 4.943000e+10 4.712580e+06 1.182424e+07 6.539520e+06 1.000000e+05 3.550000e+02
5.152273e+06 4.883000e+10 4.705400e+06 1.180528e+07 6.532010e+06 1.000000e+05 3.550000e+02
5.165065e+06 4.823000e+10 4.698200e+06 1.178622e+07 6.524470e+06 1.000000e+05 3.550000e+02
5.177857e+06 4.764000e+10 4.690990e+06 1.176704e+07 6.516880e+06 1.000000e+05 3.550000e+02
5.190649e+06 4.704000e+10 4.683770e+06 1.174776e+07 6.509250e+06 1.000000e+05 3.550000e+02
5.203442e+06 4.644000e+10 4.676530e+06 1.172836e+07 6.501570e+06 1.000000e+05 3.550000e+02
5.216234e+06 4.585000e+10 4.669270e+06 1.170886e+07 6.493860e+06 1.000000e+05 3.550000e+02
5.229026e+06 4.526000e+10 4.661990e+06 1.168924e+07 6.486100e+06 1.000000e+05 3.550000e+02
5.241818e+06 4.466000e+10 4.654700e+06 1.166951e+07 6.478300e+06 1.000000e+05 3.550000e+02
5.254610e+06 4.407000e+10 4.647390e+06 1.164967e+07 6.470450e+06 1.000000e+05 3.550000e+02
5.267403e+06 4.348000e+10 4.640070e+06 1.162970e+07 6.462560e+06 1.000000e+05 3.550000e+02
5.280195e+06 4.289000e+10 4.632730e+06 1.160962e+07 6.454630e+06 1.000000e+05 3.550000e+02
5.292987e+06 4.230000e+10 4.625370e+06 1.158943e+07 6.446650e+06 1.000000e+05 3.550000e+02
5.305779e+06 4.171000e+10 4.617990e+06 1.156911e+07 6.438620e+06 1.000000e+05 3.550000e+02
5.318571e+06 4.112000e+10 4.610600e+06 1.154867e+07 6.430550e+06 1.000000e+05 3.550000e+02
5.331364e+06 4.053000e+10 4.603190e+06 1.152810e+07 6.422430e+06 1.000000e+05 3.550000e+02
5.344156e+06 3.995000e+10 4.595760e+06 1.150741e+07 6.414270e+06 1.000000e+05 3.550000e+02
5.356948e+06 3.936000e+10 4.588310e+06 1.148660e+07 6.406060e+06 1.000000e+05 3.550000e+02
5.369740e+06 3.878000e+10 4.580840e+06 1.146566e+07 6.397800e+06 1.000000e+05 3.550000e+02
5.382532e+06 3.819000e+10 4.573360e+06 1.144459e+07 6.389490e+06 1.000000e+05 3.550000e+02
5.395325e+06 3.761000e+10 4.565860e+06 1.142340e+07 6.381130e+06 1.000000e+05 3.550000e+02
5.408117e+06 3.703000e+10 4.558340e+06 1.140207e+07 6.372720e+06 1.000000e+05 3.550000e+02
5.420909e+06 3.645000e+10 4.550800e+06 1.138061e+07 6.364270e+06 1.000000e+05 3.550000e+02
5.433701e+06 3.587000e+10 4.543240e+06 1.135901e+07 6.355760e+06 1.000000e+05 3.550000e+02
5.446494e+06 3.529000e+10 4.535660e+06 1.133729e+07 6.347200e+06 1.000000e+05 3.550000e+02
5.459286e+06 3.471000e+10 4.528070e+06 1.131542e+07 6.338590e+06 1.000000e+05 3.550000e+02
5.472078e+06 3.413000e+10 4.520450e+06 1.129342e+07 6.329930e+06 1.000000e+05 3.550000e+02
5.484870e+06 3.355000e+10 4.512820e+06 1.127128e+07 6.321220e+06 1.000000e+05 3.550000e+02
5.497662e+06 3.298000e+10 4.505160e+06 1.124900e+07 6.312450e+06 1.000000e+05 3.550000e+02
5.510455e+06 3.240000e+10 4.497490e+06 1.122659e+07 6.303640e+06 1.000000e+05 3.550000e+02
5.523247e+06 3.183000e+10 4.489790e+06 1.120402e+07 6.294770e+06 1.000000e+05 3.550000e+02
5.536039e+06 3.125000e+10 4.482080e+06 1.118132e+07 6.285840e+06 1.000000e+05 3.550000e+02
5.548831e+06 3.068000e+10 4.474350e+06 1.115847e+07 6.276860e+06 1.000000e+05 3.550000e+02
5.561623e+06 3.011000e+10 4.466590e+06 1.113547e+07 6.267830e+06 1.000000e+05 3.550000e+02
5.574416e+06 2.954000e+10 4.458820e+06 1.111233e+07 6.258740e+06 1.000000e+05 3.550000e+02
5.587208e+06 2.897000e+10 4.451020e+06 1.108903e+07 6.249590e+06 1.000000e+05 3.550000e+02
5.600000e+06 2.840000e+10 4.443200e+06 1.106559e+07 6.240390e+06 1.000000e+05 3.550000e+02
5.600000e+06 2.840000e+10 4.443200e+06 1.106560e+07 6.240540e+06 1.000000e+05 3.550000e+02
5.614429e+06 2.776000e+10 4.434360e+06 1.102074e+07 6.198320e+06 1.000000e+05 3.550000e+02
5.628857e+06 2.712000e+10 4.425490e+06 1.097587e+07 6.156110e+06 1.000000e+05 3.550000e+02
5.643286e+06 2.648000e+10 4.416600e+06 1.093099e+07 6.113900e+06 1.000000e+05 3.550000e+02
5.657714e+06 2.584000e+10 4.407680e+06 1.088609e+07 6.071700e+06 1.000000e+05 3.550000e+02
5.672143e+06 2.521000e+10 4.398730e+06 1.084118e+07 6.029500e+06 1.000000e+05 3.550000e+02
5.686571e+06 2.457000e+10 4.389750e+06 1.079626e+07 5.987310e+06 1.000000e+05 3.550000e+02
