#Radius(km)	Pressure(kbar)	Density	(g/cc)	V_p (km/s)	V_s (km/s)
0		3638.524	13.08848	11.2622	3.6678
100		3636.131	13.0863		11.26064	3.6667
200		3628.956	13.07977	11.25593	3.66342
300		3617.011	13.06888	11.24809	3.65794
400		3600.315	13.05364	11.23712	3.65027
500		3578.894	13.03404	11.22301	3.64041
600		3552.783	13.01009	11.20576	3.62835
700		3522.024	12.98178	11.18538	3.61411
800		3486.665	12.94912	11.16186	3.59767
900		3446.764	12.91211	11.13521	3.57905
1000		3402.383	12.87073	11.10542	3.55823
1100		3353.596	12.82501	11.07249	3.53522
1200		3300.48		12.77493	11.03643	3.51002
1221.5		3288.513	12.7636		11.02827	3.50432
1221.5		3288.502	12.16634	10.35568	0
1300		3245.423	12.125		10.30971	0
1400		3187.493	12.06924	10.24959	0
1500		3126.159	12.00989	10.18743	0
1600		3061.461	11.94682	10.12291	0
1700		2993.457	11.8799		10.05572	0
1800		2922.221	11.809		9.98554		0
1900		2847.839	11.73401	9.91206		0
2000		2770.407	11.65478	9.83496		0
2100		2690.035	11.57119	9.75393		0
2200		2606.838	11.48311	9.66865		0
2300		2520.942	11.39042	9.57881		0
2400		2432.484	11.29298	9.48409		0
2500		2341.603	11.19067	9.38418		0
2600		2248.453	11.08335	9.27876		0
2700		2153.189	10.97091	9.16752		0
2800		2055.978	10.85321	9.05015		0
2900		1956.991	10.73012	8.92632		0
3000		1856.409	10.60152	8.79573		0
3100		1754.418	10.46727	8.65805		0
3200		1651.209	10.32726	8.51298		0
3300		1546.982	10.18134	8.36019		0
3400		1441.941	10.0294		8.19939		0
3480		1357.51		9.90349		8.06482		0
3480		1357.509	5.56645		13.7166		7.26466
3500		1345.619	5.55641		13.71168	7.26486
3600		1287.067	5.50642		13.68753	7.26575
3630		1269.742	5.49145		13.68041	7.26597
3630		1269.741	5.49145		13.68041	7.26597
3700		1229.719	5.45657		13.59597	7.23403
3800		1173.465	5.40681		13.47742	7.18892
3900		1118.207	5.35706		13.36074	7.14423
4000		1063.864	5.30724		13.24532	7.09974
4100		1010.363	5.25729		13.13055	7.05525
4200		957.641		5.20713		13.01579	7.01053
4300		905.646		5.15669		12.90045	6.96538
4400		854.332		5.1059		12.78389	6.91957
4500		803.66		5.05469		12.6655		6.87289
4600		753.598		5.00299		12.54466	6.82512
4700		704.119		4.95073		12.42075	6.77606
4800		655.202		4.89783		12.29316	6.72548
4900		606.83		4.84422		12.16126	6.67317
5000		558.991		4.78983		12.02445	6.61891
5100		511.676		4.7346		11.88209	6.5625
5200		464.882		4.67844		11.73357	6.5037
5300		418.606		4.62129		11.57628	6.44232
5400		372.852		4.56307		11.4156		6.37813
5500		327.623		4.50372		11.2449		6.31091
5600		282.928		4.44317		11.06557	6.24046
5600		282.927		4.44316		11.06556	6.24046
5650		260.783		4.41241		10.91005	6.09418
5701		238.342		4.38071		10.75131	5.94508
5701		238.334		3.99214		10.26622	5.5702
5736		224.3		3.98399		10.21203	5.54311
5771		210.425		3.97584		10.15782	5.51602
5771		190.703		3.97584		10.15782	5.516
5821		171.311		3.91282		9.90185		5.37014
5871		152.251		3.8498		9.64588		5.22428
5921		133.527		3.78678		9.3899		5.07842
5971		133.52		3.72378		9.13397		4.93259
5971		117.702		3.54325		8.90522		4.76989
6016		102.027		3.51639		8.81867		4.7384
6061		86.497		3.48951		8.73209		4.7069
6106		71.115		3.46264		8.64552		4.6754
6151		71.108		3.43578		8.55896		4.64391
6151		59.466		3.3595		7.9897		4.41885
6186		47.824		3.3633		8.0118		4.43108
6221		36.183		3.3671		8.0337		4.44361
6256		24.546		3.37091		8.0554		4.45643
6291		24.546		3.37471		8.07688		4.46953
6291		24.539		3.37471		8.07689		4.46954
6311		17.891		3.37688		8.08907		4.47715
6331		11.239		3.37906		8.10119		4.48486
6346.6		6.043		3.38076		8.11061		4.49094
6346.6		6.04		2.9		6.8		3.9
6356		3.37		2.9		6.8		3.9
6356		3.364		2.6		5.8		3.2
6368		0.303		2.6		5.8		3.2
6368		0.299		1.02		1.45		0
6371		0		1.02		1.45		0
