# T(K) P(Pa) C11(Pa) C12(Pa) C44(Pa) KT (Pa) V (m^3/mol) betaT-betaS (Pa^-1)
3.000000e+02 0.000000e+00 3.012178e+11 9.372143e+10 1.461279e+11 1.579454e+11 1.131744e-05 9.563665e-14
3.000000e+02 5.000000e+09 3.432229e+11 1.011182e+11 1.515326e+11 1.802177e+11 1.101111e-05 6.915869e-14
3.000000e+02 1.000000e+10 3.910155e+11 1.082509e+11 1.565202e+11 2.024900e+11 1.072630e-05 5.364638e-14
3.000000e+02 1.500000e+10 4.379347e+11 1.150968e+11 1.606804e+11 2.210779e+11 1.047401e-05 4.236142e-14
3.000000e+02 2.000000e+10 4.851350e+11 1.216921e+11 1.647563e+11 2.390068e+11 1.025070e-05 3.375622e-14
3.000000e+02 2.500000e+10 5.278340e+11 1.292621e+11 1.682769e+11 2.566329e+11 1.004411e-05 2.723031e-14
3.000000e+02 3.000000e+10 5.705667e+11 1.363662e+11 1.716574e+11 2.789462e+11 9.853828e-06 2.230810e-14
3.000000e+02 3.500000e+10 6.114248e+11 1.435436e+11 1.747799e+11 3.007413e+11 9.683666e-06 1.858894e-14
3.000000e+02 4.000000e+10 6.525973e+11 1.503082e+11 1.777867e+11 3.199209e+11 9.532111e-06 1.574856e-14
3.000000e+02 4.500000e+10 6.931319e+11 1.570261e+11 1.804777e+11 3.360643e+11 9.389669e-06 1.352378e-14
3.000000e+02 5.000000e+10 7.333487e+11 1.638187e+11 1.830047e+11 3.515621e+11 9.253296e-06 1.171571e-14
3.000000e+02 5.500000e+10 7.737696e+11 1.706116e+11 1.855437e+11 3.670968e+11 9.123890e-06 1.019894e-14
3.000000e+02 6.000000e+10 8.133422e+11 1.774422e+11 1.880812e+11 3.842995e+11 9.002531e-06 8.922985e-15
3.000000e+02 6.500000e+10 8.525352e+11 1.839339e+11 1.902298e+11 4.025012e+11 8.887719e-06 7.848559e-15
3.000000e+02 7.000000e+10 8.911347e+11 1.902312e+11 1.923428e+11 4.221737e+11 8.780456e-06 6.944730e-15
3.000000e+02 7.500000e+10 9.314665e+11 1.967350e+11 1.945581e+11 4.412322e+11 8.679410e-06 6.183394e-15
3.000000e+02 8.000000e+10 9.708569e+11 2.031176e+11 1.966370e+11 4.599380e+11 8.583498e-06 5.541106e-15
3.000000e+02 8.500000e+10 1.008627e+12 2.095067e+11 1.985075e+11 4.781535e+11 8.492425e-06 4.998536e-15
3.000000e+02 9.000000e+10 1.047129e+12 2.157525e+11 2.003700e+11 4.940534e+11 8.405759e-06 4.539147e-15
3.000000e+02 9.500000e+10 1.085492e+12 2.219637e+11 2.021362e+11 5.091939e+11 8.322609e-06 4.148584e-15
3.000000e+02 1.000000e+11 1.123800e+12 2.283134e+11 2.039492e+11 5.247581e+11 8.242056e-06 3.814546e-15
3.000000e+02 1.050000e+11 1.160919e+12 2.344165e+11 2.056243e+11 5.421053e+11 8.164886e-06 3.527165e-15
3.000000e+02 1.100000e+11 1.197878e+12 2.403731e+11 2.071013e+11 5.602623e+11 8.091059e-06 3.277452e-15
3.000000e+02 1.150000e+11 1.235405e+12 2.465552e+11 2.087178e+11 5.785399e+11 8.019873e-06 3.057267e-15
3.000000e+02 1.200000e+11 1.272722e+12 2.525711e+11 2.103280e+11 5.967037e+11 7.952265e-06 2.860047e-15
3.000000e+02 1.250000e+11 1.310424e+12 2.586788e+11 2.117321e+11 6.142021e+11 7.887100e-06 2.679242e-15
3.000000e+02 1.300000e+11 1.346332e+12 2.646154e+11 2.132078e+11 6.281853e+11 7.823938e-06 2.509335e-15
3.000000e+02 1.350000e+11 1.383582e+12 2.706720e+11 2.144553e+11 6.412936e+11 7.762522e-06 2.345573e-15
3.000000e+02 1.400000e+11 1.420557e+12 2.765223e+11 2.159333e+11 6.540601e+11 7.702770e-06 2.183955e-15
3.000000e+02 1.450000e+11 1.457574e+12 2.825398e+11 2.172142e+11 6.681137e+11 7.644514e-06 2.021186e-15
3.000000e+02 1.500000e+11 1.493910e+12 2.889299e+11 2.186117e+11 6.821673e+11 7.588111e-06 1.854900e-15
1.000000e+03 0.000000e+00 2.515476e+11 9.751527e+10 1.378714e+11 1.178827e+11 1.167125e-05 5.088204e-13
1.000000e+03 5.000000e+09 3.038880e+11 1.046888e+11 1.436096e+11 1.499508e+11 1.130140e-05 3.681706e-13
1.000000e+03 1.000000e+10 3.527901e+11 1.121437e+11 1.492375e+11 1.820189e+11 1.096259e-05 2.791807e-13
1.000000e+03 1.500000e+10 3.994203e+11 1.197403e+11 1.540537e+11 2.050933e+11 1.068291e-05 2.197238e-13
1.000000e+03 2.000000e+10 4.470562e+11 1.267897e+11 1.586929e+11 2.252000e+11 1.043911e-05 1.781427e-13
1.000000e+03 2.500000e+10 4.880550e+11 1.340159e+11 1.625117e+11 2.422381e+11 1.021850e-05 1.476197e-13
1.000000e+03 3.000000e+10 5.307471e+11 1.412350e+11 1.662857e+11 2.603662e+11 1.001600e-05 1.243257e-13
1.000000e+03 3.500000e+10 5.742058e+11 1.485429e+11 1.696635e+11 2.792465e+11 9.828777e-06 1.063760e-13
1.000000e+03 4.000000e+10 6.164108e+11 1.556626e+11 1.729014e+11 2.992368e+11 9.660271e-06 9.241615e-14
1.000000e+03 4.500000e+10 6.557694e+11 1.624824e+11 1.758132e+11 3.197227e+11 9.505651e-06 8.130111e-14
1.000000e+03 5.000000e+10 6.950980e+11 1.696502e+11 1.785748e+11 3.388564e+11 9.362345e-06 7.213536e-14
1.000000e+03 5.500000e+10 7.363027e+11 1.767114e+11 1.813003e+11 3.546666e+11 9.228298e-06 6.433274e-14
1.000000e+03 6.000000e+10 7.767840e+11 1.835042e+11 1.839487e+11 3.677952e+11 9.102742e-06 5.766226e-14
1.000000e+03 6.500000e+10 8.163143e+11 1.902185e+11 1.862747e+11 3.816642e+11 8.980452e-06 5.192898e-14
1.000000e+03 7.000000e+10 8.555320e+11 1.968816e+11 1.885660e+11 3.993961e+11 8.864699e-06 4.701600e-14
1.000000e+03 7.500000e+10 8.938136e+11 2.036508e+11 1.907816e+11 4.214766e+11 8.757035e-06 4.281047e-14
1.000000e+03 8.000000e+10 9.340191e+11 2.102806e+11 1.930633e+11 4.443967e+11 8.656099e-06 3.920074e-14
1.000000e+03 8.500000e+10 9.725060e+11 2.166668e+11 1.950806e+11 4.655967e+11 8.562060e-06 3.609809e-14
1.000000e+03 9.000000e+10 1.010218e+12 2.229217e+11 1.969450e+11 4.844896e+11 8.472249e-06 3.341464e-14
1.000000e+03 9.500000e+10 1.048212e+12 2.295934e+11 1.988821e+11 5.020015e+11 8.386467e-06 3.108464e-14
1.000000e+03 1.000000e+11 1.087044e+12 2.359128e+11 2.008333e+11 5.175944e+11 8.305112e-06 2.905297e-14
1.000000e+03 1.050000e+11 1.125386e+12 2.421817e+11 2.024752e+11 5.327840e+11 8.226582e-06 2.726461e-14
1.000000e+03 1.100000e+11 1.162116e+12 2.483899e+11 2.040858e+11 5.475864e+11 8.150285e-06 2.567478e-14
1.000000e+03 1.150000e+11 1.200185e+12 2.546838e+11 2.057554e+11 5.614250e+11 8.077261e-06 2.424886e-14
1.000000e+03 1.200000e+11 1.237208e+12 2.609243e+11 2.073489e+11 5.771906e+11 8.005745e-06 2.294773e-14
1.000000e+03 1.250000e+11 1.273772e+12 2.670069e+11 2.088056e+11 5.937344e+11 7.938130e-06 2.174819e-14
1.000000e+03 1.300000e+11 1.310880e+12 2.728379e+11 2.103622e+11 6.091174e+11 7.873607e-06 2.062054e-14
1.000000e+03 1.350000e+11 1.346609e+12 2.789413e+11 2.117484e+11 6.215733e+11 7.809867e-06 1.953453e-14
1.000000e+03 1.400000e+11 1.383668e+12 2.849998e+11 2.132871e+11 6.323675e+11 7.747140e-06 1.846964e-14
1.000000e+03 1.450000e+11 1.419910e+12 2.910444e+11 2.145987e+11 6.435105e+11 7.686499e-06 1.740963e-14
1.000000e+03 1.500000e+11 1.458666e+12 2.972445e+11 2.160475e+11 6.546534e+11 7.627368e-06 1.633679e-14
2.000000e+03 0.000000e+00 1.826289e+11 1.069824e+11 1.200951e+11 7.820809e+10 1.234085e-05 1.692755e-12
2.000000e+03 5.000000e+09 2.329645e+11 1.126284e+11 1.283317e+11 1.160323e+11 1.184815e-05 1.112974e-12
2.000000e+03 1.000000e+10 2.863492e+11 1.190260e+11 1.360637e+11 1.538566e+11 1.141134e-05 7.941502e-13
2.000000e+03 1.500000e+10 3.344035e+11 1.255203e+11 1.420960e+11 1.770060e+11 1.108097e-05 5.995169e-13
2.000000e+03 2.000000e+10 3.824327e+11 1.320910e+11 1.477179e+11 1.967283e+11 1.078067e-05 4.704377e-13
2.000000e+03 2.500000e+10 4.280035e+11 1.391626e+11 1.522602e+11 2.138699e+11 1.052187e-05 3.800105e-13
2.000000e+03 3.000000e+10 4.725037e+11 1.464485e+11 1.568424e+11 2.341427e+11 1.028520e-05 3.127438e-13
2.000000e+03 3.500000e+10 5.162991e+11 1.536982e+11 1.608038e+11 2.548164e+11 1.007644e-05 2.625981e-13
2.000000e+03 4.000000e+10 5.586649e+11 1.610676e+11 1.645673e+11 2.752136e+11 9.888202e-06 2.247414e-13
2.000000e+03 4.500000e+10 6.004668e+11 1.684461e+11 1.677105e+11 2.928161e+11 9.716157e-06 1.954936e-13
2.000000e+03 5.000000e+10 6.403399e+11 1.757137e+11 1.707304e+11 3.108083e+11 9.556153e-06 1.718715e-13
2.000000e+03 5.500000e+10 6.807118e+11 1.829354e+11 1.738358e+11 3.310736e+11 9.405992e-06 1.519845e-13
2.000000e+03 6.000000e+10 7.230758e+11 1.901729e+11 1.769423e+11 3.521148e+11 9.268799e-06 1.352124e-13
2.000000e+03 6.500000e+10 7.622705e+11 1.973539e+11 1.794515e+11 3.726845e+11 9.142393e-06 1.210429e-13
2.000000e+03 7.000000e+10 8.005423e+11 2.043072e+11 1.818154e+11 3.914539e+11 9.023487e-06 1.090334e-13
2.000000e+03 7.500000e+10 8.396892e+11 2.113436e+11 1.843934e+11 4.066677e+11 8.911795e-06 9.884764e-14
2.000000e+03 8.000000e+10 8.789893e+11 2.182781e+11 1.867792e+11 4.205420e+11 8.804921e-06 9.017714e-14
2.000000e+03 8.500000e+10 9.175909e+11 2.250316e+11 1.888106e+11 4.337786e+11 8.701973e-06 8.277587e-14
2.000000e+03 9.000000e+10 9.555830e+11 2.317661e+11 1.909390e+11 4.520217e+11 8.603304e-06 7.644456e-14
2.000000e+03 9.500000e+10 9.933500e+11 2.385138e+11 1.930965e+11 4.720407e+11 8.509675e-06 7.101440e-14
2.000000e+03 1.000000e+11 1.031825e+12 2.451934e+11 1.951287e+11 4.916443e+11 8.422738e-06 6.634584e-14
2.000000e+03 1.050000e+11 1.069310e+12 2.516243e+11 1.968183e+11 5.072674e+11 8.338828e-06 6.227699e-14
2.000000e+03 1.100000e+11 1.107168e+12 2.581955e+11 1.986798e+11 5.215144e+11 8.258515e-06 5.869857e-14
2.000000e+03 1.150000e+11 1.144551e+12 2.646316e+11 2.004585e+11 5.374720e+11 8.180398e-06 5.550056e-14
2.000000e+03 1.200000e+11 1.181979e+12 2.710102e+11 2.021651e+11 5.545983e+11 8.105665e-06 5.260272e-14
2.000000e+03 1.250000e+11 1.218605e+12 2.771703e+11 2.037173e+11 5.725026e+11 8.033988e-06 4.992351e-14
2.000000e+03 1.300000e+11 1.255457e+12 2.834294e+11 2.052889e+11 5.914732e+11 7.965265e-06 4.739140e-14
2.000000e+03 1.350000e+11 1.291863e+12 2.896429e+11 2.066783e+11 6.102253e+11 7.899712e-06 4.494417e-14
2.000000e+03 1.400000e+11 1.327838e+12 2.957961e+11 2.083053e+11 6.284832e+11 7.835740e-06 4.251650e-14
2.000000e+03 1.450000e+11 1.363801e+12 3.019124e+11 2.096775e+11 6.439413e+11 7.774569e-06 4.006608e-14
2.000000e+03 1.500000e+11 1.402056e+12 3.078844e+11 2.117549e+11 6.593994e+11 7.714175e-06 3.754059e-14
3.000000e+03 1.000000e+10 2.168939e+11 1.254655e+11 1.188050e+11 1.198583e+11 1.199984e-05 1.739195e-12
3.000000e+03 1.000000e+10 2.168939e+11 1.254655e+11 1.188050e+11 1.198583e+11 1.199984e-05 1.739195e-12
3.000000e+03 1.000000e+10 2.168939e+11 1.254655e+11 1.188050e+11 1.198583e+11 1.199984e-05 1.739195e-12
3.000000e+03 1.500000e+10 2.682920e+11 1.317540e+11 1.269490e+11 1.457737e+11 1.157741e-05 1.183625e-12
3.000000e+03 2.000000e+10 3.171747e+11 1.383074e+11 1.347801e+11 1.681759e+11 1.117858e-05 8.926012e-13
3.000000e+03 2.500000e+10 3.649018e+11 1.450429e+11 1.406215e+11 1.869533e+11 1.088221e-05 7.160267e-13
3.000000e+03 3.000000e+10 4.128490e+11 1.517340e+11 1.461447e+11 2.089775e+11 1.059892e-05 5.809142e-13
3.000000e+03 3.500000e+10 4.561042e+11 1.588252e+11 1.506839e+11 2.312509e+11 1.036100e-05 4.785881e-13
3.000000e+03 4.000000e+10 5.003885e+11 1.660562e+11 1.550783e+11 2.529097e+11 1.015061e-05 4.007374e-13
3.000000e+03 4.500000e+10 5.422190e+11 1.735559e+11 1.587838e+11 2.703314e+11 9.959498e-06 3.408722e-13
3.000000e+03 5.000000e+10 5.839217e+11 1.809932e+11 1.621814e+11 2.869848e+11 9.781770e-06 2.932580e-13
3.000000e+03 5.500000e+10 6.258110e+11 1.884366e+11 1.656738e+11 3.039916e+11 9.616055e-06 2.541522e-13
3.000000e+03 6.000000e+10 6.671157e+11 1.959440e+11 1.690559e+11 3.229771e+11 9.463986e-06 2.219995e-13
3.000000e+03 6.500000e+10 7.066634e+11 2.033453e+11 1.718393e+11 3.422502e+11 9.321643e-06 1.955237e-13
3.000000e+03 7.000000e+10 7.473364e+11 2.106612e+11 1.746448e+11 3.608866e+11 9.189328e-06 1.737540e-13
3.000000e+03 7.500000e+10 7.866500e+11 2.179475e+11 1.774028e+11 3.779649e+11 9.067158e-06 1.558707e-13
3.000000e+03 8.000000e+10 8.257597e+11 2.253033e+11 1.801505e+11 3.955923e+11 8.949960e-06 1.411042e-13
3.000000e+03 8.500000e+10 8.633696e+11 2.325526e+11 1.823499e+11 4.164970e+11 8.838697e-06 1.289110e-13
3.000000e+03 9.000000e+10 9.015699e+11 2.394534e+11 1.845114e+11 4.379103e+11 8.736123e-06 1.188557e-13
3.000000e+03 9.500000e+10 9.396797e+11 2.465128e+11 1.867253e+11 4.579906e+11 8.639538e-06 1.104969e-13
3.000000e+03 1.000000e+11 9.779525e+11 2.537383e+11 1.888852e+11 4.723532e+11 8.547594e-06 1.034788e-13
3.000000e+03 1.050000e+11 1.015029e+12 2.604934e+11 1.908214e+11 4.891051e+11 8.459031e-06 9.749769e-14
3.000000e+03 1.100000e+11 1.052534e+12 2.671255e+11 1.928088e+11 5.070609e+11 8.373584e-06 9.230085e-14
3.000000e+03 1.150000e+11 1.090471e+12 2.738450e+11 1.947853e+11 5.257231e+11 8.293175e-06 8.768903e-14
3.000000e+03 1.200000e+11 1.127692e+12 2.804782e+11 1.965770e+11 5.406936e+11 8.216212e-06 8.344833e-14
3.000000e+03 1.250000e+11 1.163913e+12 2.869315e+11 1.983300e+11 5.535031e+11 8.141505e-06 7.939193e-14
3.000000e+03 1.300000e+11 1.200754e+12 2.931483e+11 1.999018e+11 5.646588e+11 8.068565e-06 7.535944e-14
3.000000e+03 1.350000e+11 1.236446e+12 2.995317e+11 2.014547e+11 5.793735e+11 7.998889e-06 7.122627e-14
3.000000e+03 1.400000e+11 1.273723e+12 3.056392e+11 2.031773e+11 5.967410e+11 7.930323e-06 6.685220e-14
3.000000e+03 1.450000e+11 1.310360e+12 3.119218e+11 2.046466e+11 6.185140e+11 7.865694e-06 6.216074e-14
3.000000e+03 1.500000e+11 1.345653e+12 3.186441e+11 2.066464e+11 6.402869e+11 7.800959e-06 5.704248e-14
