# American Mineralogist: May 2018 Deposit AM-18-56267																				
# Fischer et al.: Equations of state and phase boundary for SiO2																				
# Table S2: Pressures (P), temperatures (T), SiO2 phase identification, and lattice parameters (a, b, c) from X-ray diffraction experiments.																				
# 																				
# File	    phase	    line	PKBr    err	PPt     err	Tsample err	TKBr    err aKBr    err	    aPt     err 	aSiO2   err 	bSiO2   err 	cSiO2	err
R133_1021	stishovite	13-ID-D	22.0	1.4	18.8	0.8	1672	109	1360	355	3.492	0.003	3.886	0.000	4.121	0.003	4.121	0.003	2.648	0.005
R133_1026	stishovite	13-ID-D	21.8	1.6	18.0	0.9	1947	113	1572	426	3.500	0.003	3.898	0.001	4.124	0.001	4.124	0.001	2.648	0.002
R133_1027	stishovite	13-ID-D	22.1	1.5	18.1	0.9	1850	114	1498	401	3.494	0.002	3.895	0.001	4.125	0.002	4.125	0.002	2.648	0.002
R133_1028	stishovite	13-ID-D	21.9	1.4	19.5	1.5	1757	111	1425	377	3.495	0.002	3.886	0.005	4.120	0.001	4.120	0.001	2.647	0.001
R133_1030	stishovite	13-ID-D	21.5	1.3	18.9	0.9	1603	109	1306	337	3.498	0.003	3.884	0.002	4.116	0.001	4.116	0.001	2.646	0.001
R133_1031	stishovite	13-ID-D	21.3	1.2	18.8	0.9	1516	108	1239	315	3.498	0.002	3.881	0.001	4.114	0.001	4.114	0.001	2.646	0.001
R133_1033	stishovite	13-ID-D	21.2	1.1	18.9	0.9	1404	110	1152	286	3.498	0.002	3.878	0.001	4.111	0.001	4.111	0.001	2.644	0.001
R133_1034	stishovite	13-ID-D	21.3	1.0	19.2	0.9	1298	107	1071	259	3.495	0.001	3.874	0.001	4.110	0.001	4.110	0.001	2.643	0.001
R133_1035	stishovite	13-ID-D	21.3	0.9	19.0	1.0	1226	107	1015	240	3.493	0.002	3.872	0.002	4.109	0.001	4.109	0.001	2.643	0.001
R164_160	stishovite	16-ID-B	34.2	1.4	34.7	1.0	1614	121	1315	340	3.374	0.003	3.828	0.001	4.068	0.001	4.068	0.001	2.627	0.001
R164_162	stishovite	16-ID-B	34.2	1.2	33.8	0.8	1478	107	1210	305	3.373	0.002	3.827	0.000	4.064	0.001	4.064	0.001	2.629	0.001
R133_1055	stishovite	13-ID-D	36.3	1.5	0.0	    0.0	1895	113	1532	412	3.362	0.002	0.000	0.000	4.061	0.001	4.061	0.001	2.629	0.001
R133_1060	stishovite	13-ID-D	36.0	1.6	0.0	    0.0	2009	113	1620	442	3.364	0.002	0.000	0.000	4.066	0.001	4.066	0.001	2.628	0.002
R133_1061	stishovite	13-ID-D	36.2	1.7	0.0	    0.0	2086	120	1680	462	3.364	0.002	0.000	0.000	4.064	0.001	4.064	0.001	2.628	0.001
R133_1063	stishovite	13-ID-D	35.6	1.5	0.0	    0.0	1784	112	1447	384	3.365	0.002	0.000	0.000	4.062	0.001	4.062	0.001	2.625	0.001
R133_1064	stishovite	13-ID-D	35.6	1.4	0.0	    0.0	1681	109	1366	357	3.364	0.002	0.000	0.000	4.060	0.001	4.060	0.001	2.626	0.001
R133_1066	stishovite	13-ID-D	35.7	1.2	0.0	    0.0	1539	108	1257	321	3.362	0.001	0.000	0.000	4.059	0.001	4.059	0.001	2.626	0.001
R133_1068	stishovite	13-ID-D	35.7	1.1	0.0	    0.0	1412	106	1159	288	3.360	0.001	0.000	0.000	4.056	0.001	4.056	0.001	2.624	0.001
R133_1071	stishovite	13-ID-D	35.9	0.9	0.0	    0.0	1258	105	1039	248	3.358	0.001	0.000	0.000	4.052	0.001	4.052	0.001	2.623	0.001
R130_090	stishovite	13-ID-D	40.2	2.0	0.0	    0.0	2501	125	2001	569	3.350	0.002	0.000	0.000	4.056	0.005	4.056	0.005	2.620	0.007
R130_091	stishovite	13-ID-D	40.1	2.7	0.0	    0.0	3001	228	2387	697	3.344	0.004	0.000	0.000	4.056	0.006	4.056	0.006	2.621	0.007
R130_092	stishovite	13-ID-D	39.7	2.1	0.0	    0.0	2325	120	1865	523	3.339	0.003	0.000	0.000	4.053	0.008	4.053	0.008	2.617	0.008
R130_093	stishovite	13-ID-D	40.4	2.1	0.0	    0.0	2401	136	1924	543	3.337	0.003	0.000	0.000	4.055	0.002	4.055	0.002	2.622	0.002
R130_094	stishovite	13-ID-D	40.3	2.3	0.0	    0.0	2645	253	2112	606	3.339	0.003	0.000	0.000	4.056	0.006	4.056	0.006	2.625	0.006
R130_099	stishovite	13-ID-D	40.2	2.0	42.1	2.4	2271	129	1823	509	3.336	0.003	3.820	0.007	4.051	0.002	4.051	0.002	2.617	0.003
R130_100	stishovite	13-ID-D	40.1	2.0	43.3	1.1	2226	120	1788	498	3.337	0.003	3.816	0.002	4.051	0.003	4.051	0.003	2.617	0.003
R130_101	stishovite	13-ID-D	40.2	1.9	41.3	1.6	2081	119	1676	460	3.335	0.003	3.818	0.004	4.050	0.003	4.050	0.003	2.616	0.003
R130_102	stishovite	13-ID-D	40.0	1.8	40.9	1.4	1913	115	1546	417	3.334	0.003	3.815	0.003	4.049	0.003	4.049	0.003	2.615	0.004
R130_103	stishovite	13-ID-D	40.2	1.7	40.1	1.3	1847	114	1495	400	3.333	0.003	3.817	0.003	4.050	0.002	4.050	0.002	2.614	0.003
R130_104	stishovite	13-ID-D	40.0	1.7	40.6	1.1	1783	111	1446	384	3.333	0.003	3.814	0.002	4.049	0.002	4.049	0.002	2.615	0.003
R130_105	stishovite	13-ID-D	39.6	1.5	39.5	1.3	1663	109	1353	353	3.335	0.003	3.814	0.003	4.048	0.002	4.048	0.002	2.615	0.003
R130_106	stishovite	13-ID-D	39.6	1.4	38.5	1.5	1575	109	1285	330	3.334	0.003	3.815	0.004	4.048	0.002	4.048	0.002	2.614	0.003
R130_107	stishovite	13-ID-D	39.7	1.4	39.5	0.7	1467	108	1201	302	3.334	0.003	3.812	0.002	4.047	0.003	4.047	0.003	2.614	0.004
R130_108	stishovite	13-ID-D	39.7	1.4	37.8	1.1	1420	108	1165	290	3.332	0.003	3.813	0.002	4.044	0.003	4.044	0.003	2.609	0.004
R130_190	stishovite	13-ID-D	47.2	1.7	0.0	    0.0	1955	119	1579	428	3.289	0.002	0.0	    0.0	    4.027	0.002	4.027	0.002	2.613	0.003
R130_193	stishovite	13-ID-D	48.1	2.0	0.0	    0.0	2187	124	1758	488	3.285	0.003	0.0	    0.0	    4.030	0.001	4.030	0.001	2.613	0.002
R130_195	stishovite	13-ID-D	48.3	2.1	49.3	1.9	2355	130	1888	531	3.286	0.003	3.801	0.004	4.031	0.001	4.031	0.001	2.615	0.001
R130_196	stishovite	13-ID-D	48.3	2.2	50.1	1.6	2518	137	2014	573	3.287	0.002	3.802	0.003	4.033	0.002	4.033	0.002	2.616	0.003
R130_197	stishovite	13-ID-D	48.4	2.4	49.9	1.6	2703	130	2157	621	3.288	0.003	3.807	0.004	4.035	0.001	4.035	0.001	2.618	0.002
R130_198	stishovite	13-ID-D	48.4	2.5	48.8	1.1	2833	141	2257	654	3.289	0.003	3.813	0.001	4.036	0.002	4.036	0.002	2.620	0.003
R130_202	stishovite	13-ID-D	48.1	2.1	49.9	1.2	2280	132	1830	512	3.286	0.003	3.798	0.002	4.028	0.001	4.028	0.001	2.616	0.002
R130_205	stishovite	13-ID-D	47.9	1.8	47.8	2.1	2077	133	1673	459	3.285	0.002	3.799	0.005	4.029	0.001	4.029	0.001	2.611	0.002
R130_207	stishovite	13-ID-D	47.7	1.6	48.4	2.0	1868	120	1512	406	3.285	0.002	3.793	0.005	4.025	0.002	4.025	0.002	2.605	0.002
R130_208	stishovite	13-ID-D	47.7	1.5	47.8	2.1	1766	115	1432	379	3.284	0.002	3.792	0.005	4.024	0.002	4.024	0.002	2.606	0.002
R130_211	stishovite	13-ID-D	47.8	1.4	48.0	2.1	1698	110	1380	362	3.283	0.002	3.790	0.005	4.026	0.003	4.026	0.003	2.606	0.004
R130_212	stishovite	13-ID-D	47.6	1.3	46.4	1.4	1610	108	1312	339	3.284	0.002	3.793	0.003	4.025	0.003	4.025	0.003	2.605	0.003
R130_213	stishovite	13-ID-D	47.6	1.2	46.3	1.3	1477	107	1209	305	3.282	0.002	3.790	0.003	4.022	0.002	4.022	0.002	2.602	0.003
R130_214	stishovite	13-ID-D	47.6	1.1	46.3	1.8	1395	106	1146	284	3.282	0.001	3.788	0.005	4.021	0.002	4.021	0.002	2.604	0.002
R130_215	stishovite	13-ID-D	47.6	1.1	45.8	1.7	1295	105	1068	258	3.281	0.002	3.788	0.004	4.020	0.002	4.020	0.002	2.605	0.003
R130_216	stishovite	13-ID-D	47.6	1.1	45.0	1.2	1224	104	1013	239	3.281	0.002	3.788	0.002	4.021	0.002	4.021	0.002	2.607	0.002
R130_217	stishovite	13-ID-D	47.3	0.9	45.6	2.8	1134	104	943	    216	3.282	0.001	3.785	0.007	4.019	0.002	4.019	0.002	2.605	0.003
R130_235	stishovite	13-ID-D	56.5	1.8	0.0	    0.0	1928	112	1557	421	3.238	0.002	0.0	    0.0	    4.006	0.007	4.006	0.007	2.607	0.011
R130_237	stishovite	13-ID-D	56.5	2.0	0.0	    0.0	2076	116	1672	459	3.239	0.003	0.0	    0.0	    4.005	0.007	4.005	0.007	2.614	0.011
R130_240	stishovite	13-ID-D	57.1	2.1	0.0	    0.0	2281	118	1830	512	3.238	0.002	0.0	    0.0	    4.008	0.007	4.008	0.007	2.615	0.013
R130_244	stishovite	13-ID-D	57.6	2.3	0.0	    0.0	2659	124	2123	609	3.238	0.002	0.0	    0.0	    4.011	0.004	4.011	0.004	2.611	0.004
R130_245	stishovite	13-ID-D	57.6	2.2	0.0	    0.0	2551	123	2039	581	3.237	0.002	0.0	    0.0	    4.007	0.003	4.007	0.003	2.605	0.003
R130_246	stishovite	13-ID-D	57.5	2.1	0.0	    0.0	2385	130	1911	539	3.236	0.002	0.0	    0.0	    4.007	0.005	4.007	0.005	2.605	0.005
R130_249	stishovite	13-ID-D	57.4	1.9	0.0	    0.0	2180	119	1752	486	3.235	0.002	0.0	    0.0	    4.003	0.005	4.003	0.005	2.603	0.006
R130_250	stishovite	13-ID-D	57.3	1.7	0.0	    0.0	1987	120	1603	436	3.235	0.001	0.0	    0.0	    4.000	0.005	4.000	0.005	2.606	0.006
R130_251	stishovite	13-ID-D	57.3	1.5	0.0	    0.0	1796	116	1456	387	3.233	0.001	0.0	    0.0	    3.995	0.003	3.995	0.003	2.610	0.004
R130_253	stishovite	13-ID-D	57.2	1.4	0.0	    0.0	1717	109	1394	366	3.233	0.001	0.0	    0.0	    3.998	0.007	3.998	0.007	2.601	0.007
R130_254	stishovite	13-ID-D	56.6	2.0	0.0	    0.0	1658	109	1349	351	3.236	0.004	0.0	    0.0	    3.992	0.003	3.992	0.003	2.612	0.004
R130_255	stishovite	13-ID-D	57.2	1.3	0.0	    0.0	1564	108	1276	327	3.232	0.001	0.0	    0.0	    3.989	0.002	3.989	0.002	2.610	0.003
R130_256	stishovite	13-ID-D	57.2	1.2	0.0	    0.0	1502	108	1228	311	3.232	0.001	0.0	    0.0	    3.992	0.003	3.992	0.003	2.607	0.004
R130_257	stishovite	13-ID-D	57.0	1.1	0.0	    0.0	1374	106	1129	278	3.232	0.001	0.0	    0.0	    3.992	0.003	3.992	0.003	2.607	0.003
R130_258	stishovite	13-ID-D	57.0	1.0	0.0	    0.0	1276	105	1054	253	3.231	0.001	0.0	    0.0	    3.993	0.004	3.993	0.004	2.607	0.005
R130_260	stishovite	13-ID-D	57.1	0.9	0.0	    0.0	1160	104	964	    223	3.230	0.001	0.0	    0.0	    3.995	0.001	3.995	0.001	2.591	0.001
R130_267	stishovite	13-ID-D	57.3	2.5	0.0	    0.0	2876	139	2290	665	3.241	0.002	0.0	    0.0	    4.013	0.002	4.013	0.002	2.610	0.003
R130_268	stishovite	13-ID-D	57.4	2.3	0.0	    0.0	2701	132	2155	620	3.239	0.002	0.0	    0.0	    4.011	0.003	4.011	0.003	2.618	0.004
R130_269	stishovite	13-ID-D	58.1	2.7	0.0	    0.0	3056	143	2430	712	3.238	0.002	0.0	    0.0	    4.020	0.003	4.020	0.003	2.613	0.004
R130_270	stishovite	13-ID-D	58.1	2.7	0.0	    0.0	3213	135	2551	752	3.238	0.002	0.0	    0.0	    4.021	0.004	4.021	0.004	2.610	0.005
R130_271	stishovite	13-ID-D	58.1	2.9	0.0	    0.0	3274	159	2599	768	3.239	0.002	0.0	    0.0	    4.023	0.005	4.023	0.005	2.612	0.006
R130_273	stishovite	13-ID-D	57.6	2.7	0.0	    0.0	3112	146	2473	726	3.241	0.001	0.0	    0.0	    4.018	0.007	4.018	0.007	2.613	0.008
R130_297	stishovite	13-ID-D	61.2	1.7	59.2	0.0	1907	112	1541	415	3.215	0.002	3.765	-1.000	3.990	0.008	3.990	0.008	2.569	0.011
R130_298	stishovite	13-ID-D	61.0	1.9	60.2	0.0	2023	113	1631	445	3.217	0.002	3.765	-1.000	3.989	0.003	3.989	0.003	2.584	0.004
R130_300	stishovite	13-ID-D	61.7	2.0	60.7	1.0	2095	115	1687	464	3.214	0.002	3.765	0.001	3.989	0.004	3.989	0.004	2.583	0.006
R130_302	stishovite	13-ID-D	61.6	2.0	59.4	1.2	2209	116	1775	493	3.215	0.002	3.770	0.002	3.991	0.003	3.991	0.003	2.591	0.005
R130_303	stishovite	13-ID-D	61.4	2.1	60.3	1.0	2356	120	1889	531	3.217	0.002	3.771	0.001	3.994	0.002	3.994	0.002	2.594	0.003
R130_307	stishovite	13-ID-D	62.1	2.4	60.9	1.3	2575	130	2058	588	3.215	0.002	3.774	0.002	3.996	0.002	3.996	0.002	2.593	0.004
R130_309	stishovite	13-ID-D	62.8	2.5	62.0	1.2	2785	127	2221	642	3.214	0.002	3.775	0.002	3.998	0.003	3.998	0.003	2.592	0.004
R130_312	stishovite	13-ID-D	62.7	2.8	0.0	    0.0	3130	134	2487	731	3.216	0.002	0.0	    0.0	    3.996	0.003	3.996	0.003	2.592	0.004
R130_313	stishovite	13-ID-D	62.9	3.0	0.0	    0.0	3228	136	2563	756	3.216	0.003	0.0	    0.0	    3.999	0.003	3.999	0.003	2.590	0.003
R130_323	stishovite	13-ID-D	61.6	1.9	59.4	1.7	2160	134	1737	481	3.215	0.002	3.769	0.003	3.989	0.001	3.989	0.001	2.589	0.003
R130_325	stishovite	13-ID-D	61.2	1.7	60.7	0.9	2021	118	1629	445	3.216	0.001	3.763	0.000	3.987	0.004	3.987	0.004	2.592	0.008
R130_326	stishovite	13-ID-D	61.2	1.5	59.9	1.2	1860	152	1505	403	3.215	0.001	3.762	0.000	3.981	0.006	3.981	0.006	2.595	0.008
R130_329	stishovite	13-ID-D	61.5	1.6	59.7	0.0	1821	122	1475	393	3.213	0.002	3.762	-1.000	3.985	0.003	3.985	0.003	2.580	0.003
R130_331	stishovite	13-ID-D	61.4	1.6	58.2	1.0	1633	109	1330	345	3.213	0.002	3.762	0.001	3.984	0.004	3.984	0.004	2.579	0.006
R130_333	stishovite	13-ID-D	61.0	1.2	58.5	1.0	1540	108	1258	321	3.214	0.001	3.759	0.001	3.982	0.005	3.982	0.005	2.581	0.006
R130_334	stishovite	13-ID-D	60.8	1.1	57.8	0.8	1405	106	1153	286	3.214	0.001	3.758	0.000	3.985	0.005	3.985	0.005	2.581	0.010
R130_335	stishovite	13-ID-D	60.9	1.0	59.0	1.7	1300	105	1072	259	3.213	0.001	3.753	0.004	3.983	0.007	3.983	0.007	2.573	0.011
R133_1107	stishovite	13-ID-D	65.8	1.8	0.0	    0.0	2258	117	1813	506	3.197	0.001	0.0	    0.0	    3.979	0.003	3.979	0.003	2.584	0.003
R133_1108	stishovite	13-ID-D	65.8	1.9	0.0	    0.0	2324	119	1864	523	3.197	0.001	0.0	    0.0	    3.979	0.003	3.979	0.003	2.586	0.004
R133_1111	stishovite	13-ID-D	65.7	1.8	0.0	    0.0	2174	117	1748	484	3.197	0.001	0.0	    0.0	    3.977	0.003	3.977	0.003	2.586	0.004
R133_1113	stishovite	13-ID-D	65.7	1.7	0.0	    0.0	2052	115	1654	453	3.196	0.001	0.0	    0.0	    3.975	0.003	3.975	0.003	2.582	0.004
R133_1115	stishovite	13-ID-D	65.8	1.6	0.0	    0.0	1958	113	1581	429	3.195	0.001	0.0	    0.0	    3.977	0.001	3.977	0.001	2.581	0.002
R133_1117	stishovite	13-ID-D	65.8	1.4	0.0	    0.0	1820	111	1474	393	3.194	0.001	0.0	    0.0	    3.974	0.002	3.974	0.002	2.580	0.002
R133_1120	stishovite	13-ID-D	65.9	1.3	0.0	    0.0	1702	111	1383	363	3.193	0.000	0.0	    0.0	    3.972	0.002	3.972	0.002	2.581	0.003
R133_1122	stishovite	13-ID-D	66.1	1.2	0.0	    0.0	1570	110	1281	329	3.192	0.000	0.0	    0.0	    3.972	0.002	3.972	0.002	2.578	0.003
R133_1123	stishovite	13-ID-D	66.0	1.1	0.0	    0.0	1480	108	1211	305	3.192	0.000	0.0	    0.0	    3.969	0.002	3.969	0.002	2.578	0.003
R133_1124	stishovite	13-ID-D	66.0	1.0	0.0	    0.0	1388	107	1140	282	3.191	0.000	0.0	    0.0	    3.969	0.002	3.969	0.002	2.579	0.002
R164_198	stishovite	16-ID-B	74.1	2.5	0.0	    0.0	2613	138	2088	598	3.165	0.002	0.0	    0.0	    3.963	0.003	3.963	0.003	2.569	0.004
R164_199	stishovite	16-ID-B	74.4	2.1	0.0	    0.0	2449	179	1961	555	3.163	0.001	0.0	    0.0	    3.963	0.001	3.963	0.001	2.575	0.002
R164_206	stishovite	16-ID-B	74.7	2.0	0.0	    0.0	2351	123	1885	530	3.161	0.001	0.0	    0.0	    3.961	0.002	3.961	0.002	2.576	0.002
R164_208	stishovite	16-ID-B	74.5	1.8	73.2	1.0	2242	125	1800	502	3.161	0.001	3.738	0.001	3.960	0.002	3.960	0.002	2.577	0.002
R164_213	stishovite	16-ID-B	74.5	1.7	73.6	1.0	2126	118	1711	472	3.161	0.001	3.735	0.001	3.959	0.002	3.959	0.002	2.575	0.002
R164_214	stishovite	16-ID-B	74.5	1.7	72.8	1.1	2055	117	1656	454	3.160	0.001	3.735	0.001	3.957	0.001	3.957	0.001	2.575	0.001
R130_339	CaCl2-type	13-ID-D	60.6	0.8	0.0	    0.0	1054	104	882	    196	3.213	0.001	0.0	    0.0	    3.986	0.021	3.961	0.017	2.580	0.010
R133_1125	CaCl2-type	13-ID-D	65.9	1.0	0.0	    0.0	1313	105	1082	262	3.191	0.000	0.0	    0.0	    3.975	0.004	3.958	0.004	2.574	0.003
R133_1127	CaCl2-type	13-ID-D	66.0	0.8	0.0	    0.0	1204	106	998	    234	3.190	0.000	0.0	    0.0	    3.978	0.004	3.958	0.004	2.573	0.003
R133_1128	CaCl2-type	13-ID-D	66.0	0.8	0.0	    0.0	1133	105	943	    216	3.190	0.000	0.0	    0.0	    3.981	0.005	3.955	0.006	2.574	0.006
R164_216	CaCl2-type	16-ID-B	74.6	1.6	72.7	1.0	1949	113	1574	426	3.159	0.001	3.735	0.001	3.974	0.003	3.945	0.003	2.573	0.002
R164_219	CaCl2-type	16-ID-B	74.7	1.5	72.4	1.0	1856	114	1502	402	3.159	0.001	3.733	0.001	3.975	0.004	3.945	0.004	2.574	0.002
R164_223	CaCl2-type	16-ID-B	74.6	1.4	71.6	1.0	1733	111	1407	371	3.158	0.001	3.732	0.000	3.968	0.004	3.948	0.004	2.572	0.002
R164_226	CaCl2-type	16-ID-B	74.5	1.3	71.1	1.0	1604	110	1307	337	3.158	0.001	3.731	0.000	3.966	0.002	3.945	0.002	2.573	0.001
R164_229	CaCl2-type	16-ID-B	74.2	1.1	70.3	1.0	1488	110	1218	308	3.159	0.001	3.731	0.001	3.962	0.004	3.940	0.005	2.575	0.003
R164_237	CaCl2-type	16-ID-B	74.3	1.1	70.8	0.9	1367	106	1124	276	3.157	0.001	3.727	0.001	3.969	0.002	3.937	0.002	2.572	0.001
R164_251	CaCl2-type	16-ID-B	74.5	1.0	71.0	1.0	1298	105	1071	259	3.156	0.001	3.726	0.001	3.969	0.004	3.930	0.004	2.573	0.002
R164_259	CaCl2-type	16-ID-B	84.6	1.6	84.0	0.9	1255	104	1037	247	3.121	0.002	3.698	0.001	3.944	0.007	3.898	0.007	2.549	0.004
R164_261	CaCl2-type	16-ID-B	84.4	1.7	84.3	0.9	1314	105	1083	263	3.121	0.002	3.698	0.001	3.934	0.009	3.906	0.009	2.550	0.005
R164_262	CaCl2-type	16-ID-B	84.6	1.9	85.1	0.9	1450	106	1188	298	3.121	0.003	3.699	0.001	3.943	0.007	3.910	0.007	2.548	0.005
R164_264	CaCl2-type	16-ID-B	84.9	1.8	85.7	0.9	1569	108	1280	328	3.121	0.002	3.700	0.001	3.929	0.007	3.912	0.007	2.550	0.004
R164_265	CaCl2-type	16-ID-B	85.2	1.8	86.1	1.0	1676	116	1363	356	3.120	0.002	3.701	0.000	3.935	0.006	3.908	0.006	2.551	0.004
R164_268	CaCl2-type	16-ID-B	85.5	1.9	87.1	1.0	1771	122	1436	380	3.120	0.002	3.700	0.000	3.950	0.009	3.905	0.009	2.548	0.005
R164_269	CaCl2-type	16-ID-B	85.6	1.9	87.6	1.0	1862	117	1506	404	3.120	0.002	3.701	0.000	3.953	0.008	3.901	0.007	2.550	0.005
R164_270	CaCl2-type	16-ID-B	86.2	2.0	88.9	1.0	2051	124	1653	453	3.119	0.002	3.701	0.001	3.952	0.008	3.906	0.007	2.550	0.005
R164_271	CaCl2-type	16-ID-B	86.1	2.2	88.6	1.1	2136	118	1719	475	3.120	0.002	3.703	0.001	3.954	0.008	3.905	0.007	2.550	0.005
R164_274	CaCl2-type	16-ID-B	87.1	2.1	88.9	1.0	2387	119	1912	539	3.117	0.001	3.704	0.001	3.964	0.007	3.900	0.006	2.555	0.003
R164_276	CaCl2-type	16-ID-B	86.7	2.1	89.5	1.1	2257	118	1812	506	3.118	0.002	3.705	0.001	3.960	0.005	3.907	0.005	2.554	0.003
R164_278	CaCl2-type	16-ID-B	88.5	2.2	89.3	2.9	2551	126	2040	582	3.114	0.001	3.707	0.001	3.959	0.005	3.916	0.005	2.553	0.003
R164_279	CaCl2-type	16-ID-B	88.6	2.4	90.0	1.0	2835	237	2259	655	3.115	0.001	3.708	0.000	3.957	0.007	3.913	0.007	2.556	0.004
R164_281	CaCl2-type	16-ID-B	89.0	2.3	89.7	1.2	2735	127	2181	629	3.113	0.001	3.711	0.001	3.961	0.006	3.910	0.006	2.556	0.003
R164_282	CaCl2-type	16-ID-B	88.8	2.2	0.0	    0.0	2645	225	2112	606	3.113	0.001	0.0	    0.0	    3.952	0.007	3.913	0.007	2.557	0.004
# -1 implies only one diffraction peak was clearly resolved, so no uncertainty can be assigned
