# Density (g/cm^3) Volume (A^3/at) Stress (and err, GPa) Isentrope (and err, GPa) Isotherm (and err, GPa)
   21.4500    15.1020     0.0000     0.0000     0.0000     0.0000     0.0000     0.0000
   21.6500    14.9620     2.8000     0.1000     2.6000     0.1000     2.5000     0.1000
   21.8500    14.8260     5.6000     0.1000     5.3000     0.2000     5.0000     0.2000
   22.0500    14.6910     8.4000     0.2000     8.1000     0.2000     7.7000     0.3000
   22.2500    14.5590    11.4000     0.3000    11.0000     0.3000    10.4000     0.3000
   22.4500    14.4290    14.5000     0.3000    14.1000     0.4000    13.3000     0.4000
   22.6500    14.3020    17.7000     0.4000    17.3000     0.4000    16.4000     0.5000
   22.8500    14.1770    21.1000     0.4000    20.6000     0.5000    19.6000     0.5000
   23.0500    14.0540    24.5000     0.5000    23.9000     0.6000    22.8000     0.6000
   23.2500    13.9330    28.0000     0.5000    27.4000     0.6000    26.1000     0.6000
   23.4500    13.8140    31.6000     0.5000    30.9000     0.6000    29.6000     0.7000
   23.6500    13.6970    35.4000     0.6000    34.6000     0.6000    33.2000     0.7000
   23.8500    13.5820    39.3000     0.6000    38.5000     0.7000    36.9000     0.8000
   24.0500    13.4690    43.4000     0.7000    42.5000     0.8000    40.8000     0.8000
   24.2500    13.3580    47.6000     0.7000    46.7000     0.8000    44.8000     0.9000
   24.4500    13.2490    52.0000     0.8000    51.0000     0.9000    49.0000     1.0000
   24.6500    13.1410    56.5000     0.9000    55.4000     1.1000    53.3000     1.1000
   24.8500    13.0360    61.1000     1.1000    59.9000     1.2000    57.8000     1.3000
   25.0500    12.9320    65.9000     1.2000    64.6000     1.4000    62.3000     1.4000
   25.2500    12.8290    70.8000     1.4000    69.4000     1.5000    67.1000     1.6000
   25.4500    12.7280    75.8000     1.5000    74.4000     1.7000    71.9000     1.8000
   25.6500    12.6290    81.0000     1.7000    79.4000     1.9000    76.9000     1.9000
   25.8500    12.5310    86.3000     1.8000    84.6000     2.0000    82.0000     2.1000
   26.0500    12.4350    91.7000     2.0000    90.0000     2.2000    87.2000     2.2000
   26.2500    12.3400    97.3000     2.1000    95.5000     2.3000    92.6000     2.4000
   26.4500    12.2470   103.0000     2.3000   101.1000     2.5000    98.1000     2.6000
   26.6500    12.1550   108.9000     2.5000   106.9000     2.7000   103.8000     2.8000
   26.8500    12.0650   115.0000     2.7000   112.8000     2.9000   109.6000     3.0000
   27.0500    11.9760   121.2000     2.9000   118.9000     3.2000   115.6000     3.2000
   27.2500    11.8880   127.6000     3.1000   125.2000     3.4000   121.8000     3.5000
   27.4500    11.8010   134.1000     3.3000   131.6000     3.6000   128.1000     3.7000
   27.6500    11.7160   140.7000     3.5000   138.1000     3.8000   134.5000     3.9000
   27.8500    11.6320   147.5000     3.7000   144.8000     4.0000   141.0000     4.1000
   28.0500    11.5490   154.5000     3.9000   151.6000     4.2000   147.8000     4.3000
   28.2500    11.4670   161.6000     4.1000   158.6000     4.4000   154.6000     4.5000
   28.4500    11.3860   168.9000     4.3000   165.8000     4.6000   161.7000     4.7000
   28.6500    11.3070   176.4000     4.5000   173.1000     4.9000   168.9000     5.0000
   28.8500    11.2280   184.1000     4.7000   180.6000     5.1000   176.3000     5.2000
   29.0500    11.1510   191.9000     5.0000   188.3000     5.4000   183.9000     5.5000
   29.2500    11.0750   199.9000     5.3000   196.1000     5.7000   191.6000     5.8000
   29.4500    11.0000   208.1000     5.5000   204.1000     6.0000   199.5000     6.1000
   29.6500    10.9250   216.4000     5.8000   212.3000     6.3000   207.6000     6.4000
   29.8500    10.8520   224.9000     6.1000   220.6000     6.6000   215.8000     6.7000
   30.0500    10.7800   233.6000     6.3000   229.1000     6.9000   224.2000     6.9000
   30.2500    10.7090   242.4000     6.6000   237.8000     7.2000   232.7000     7.2000
   30.4500    10.6380   251.4000     6.9000   246.6000     7.5000   241.4000     7.6000
   30.6500    10.5690   260.5000     7.2000   255.6000     7.8000   250.3000     7.9000
   30.8500    10.5000   269.9000     7.5000   264.7000     8.1000   259.3000     8.2000
   31.0500    10.4330   279.4000     7.9000   274.1000     8.5000   268.5000     8.6000
   31.2500    10.3660   289.1000     8.2000   283.6000     8.9000   277.9000     9.0000
   31.4500    10.3000   299.0000     8.6000   293.3000     9.3000   287.4000     9.3000
   31.6500    10.2350   309.0000     8.9000   303.1000     9.6000   297.1000     9.7000
   31.8500    10.1710   319.2000     9.2000   313.0000    10.0000   307.0000    10.0000
   32.0500    10.1070   329.5000     9.5000   323.2000    10.3000   316.9000    10.4000
   32.2500    10.0450   340.0000     9.9000   333.4000    10.7000   327.1000    10.8000
   32.4500     9.9830   350.7000    10.3000   343.9000    11.1000   337.4000    11.2000
   32.6500     9.9220   361.5000    10.7000   354.6000    11.5000   347.9000    11.6000
   32.8500     9.8610   372.7000    11.1000   365.4000    12.0000   358.7000     1.0000
   33.0500     9.8010   384.0000    11.5000   376.5000    12.4000   369.6000    12.5000
   33.2500     9.7420   395.5000    11.9000   387.8000    12.9000   380.8000    13.0000
   33.4500     9.6840   407.1000    12.4000   399.2000    13.4000   392.0000    13.4000
   33.6500     9.6270   419.0000    13.0000   410.8000    14.0000   403.5000    14.1000
   33.8500     9.5700   431.1000    13.4000   422.7000    14.5000   415.2000    14.5000
   34.0500     9.5140   443.4000    13.9000   434.7000    15.0000   427.1000    15.0000
   34.2500     9.4580   456.0000    14.4000   447.0000    15.5000   439.3000    15.6000
   34.4500     9.4030   468.8000    14.8000   459.5000    16.0000   451.6000    16.1000
   34.6500     9.3490   481.7000    15.3000   472.2000    16.5000   464.2000    16.6000
   34.8500     9.2950   494.8000    15.7000   485.1000    17.0000   476.9000    17.1000
   35.0500     9.2420   508.1000    16.3000   498.0000    17.5000   489.7000    17.6000
   35.2500     9.1900   521.5000    16.7000   511.2000    18.0000   502.6000    18.1000
   35.4500     9.1380   535.0000    17.2000   524.4000    18.5000   515.7000    18.6000
   35.6500     9.0870   548.6000    17.9000   537.7000    19.3000   528.9000    19.4000
   35.8500     9.0360   562.5000    18.2000   551.3000    19.6000   542.3000    19.7000
   36.0500     8.9860   576.4000    18.8000   564.9000    20.2000   555.8000    20.3000
   36.2500     8.9360   590.6000    19.2000   578.8000    20.7000   569.5000    20.8000
   36.4500     8.8870   605.0000    19.8000   592.8000    21.3000   583.4000    21.4000
   36.6500     8.8390   619.6000    20.3000   607.1000    21.8000   597.5000    21.9000
   36.8500     8.7910   634.4000    20.7000   621.6000    22.3000   611.8000    22.4000
   37.0500     8.7430   649.4000    21.2000   636.3000    22.9000   626.3000    22.9000
   37.2500     8.6960   664.5000    21.7000   651.1000    23.4000   640.9000    23.5000
   37.4500     8.6500   679.9000    22.2000   666.1000    23.9000   655.8000    24.0000
   37.6500     8.6040   695.3000    22.7000   681.2000    24.4000   670.7000    24.5000
   37.8500     8.5580   710.9000    23.2000   696.5000    25.0000   685.8000    25.1000
   38.0500     8.5130   726.7000    23.8000   711.9000    25.6000   701.0000    25.7000
   38.2500     8.4690   742.6000    24.3000   727.4000    26.2000   716.3000    26.3000
   38.4500     8.4250   758.5000    24.5000   742.9000    26.4000   731.7000    26.5000
   38.6500     8.3810   774.1000    24.2000   758.2000    26.1000   746.8000    26.2000
   38.8500     8.3380   789.0000    23.6000   772.7000    25.5000   761.1000    25.6000
   39.0500     8.2950   804.7000    27.8000   788.1000    29.9000   776.3000    30.0000
