# AK135 Kennett et al. (1995)
# Radius (km) Pressure (Pa), rho (g/m^3) Vp (m/s) Vs (m/s) Qk  Qm
3.531670e+06 1.328487e+11 5.745800e+03 1.365700e+04 7.270000e+03 7.251100e+02 2.739700e+02
3.581330e+06 1.299396e+11 5.719600e+03 1.365330e+04 7.259300e+03 7.268700e+02 2.739700e+02
3.631000e+06 1.270629e+11 5.693400e+03 1.364980e+04 7.248500e+03 7.227300e+02 2.717400e+02
3.631000e+06 1.270629e+11 5.438700e+03 1.364980e+04 7.248500e+03 9.332100e+02 3.508800e+02
3.681000e+06 1.241996e+11 5.417600e+03 1.358990e+04 7.225300e+03 9.408800e+02 3.546100e+02
3.731000e+06 1.213653e+11 5.396200e+03 1.353110e+04 7.203100e+03 9.520000e+02 3.597100e+02
3.779500e+06 1.186355e+11 5.374800e+03 1.347410e+04 7.180400e+03 9.603600e+02 3.636400e+02
3.829000e+06 1.158850e+11 5.353100e+03 1.341560e+04 7.158400e+03 9.684600e+02 3.676500e+02
3.878500e+06 1.131476e+11 5.331300e+03 1.335840e+04 7.136800e+03 9.768100e+02 3.717500e+02
3.928000e+06 1.104332e+11 5.309200e+03 1.330170e+04 7.114400e+03 9.856300e+02 3.759400e+02
3.977500e+06 1.077462e+11 5.287000e+03 1.324650e+04 7.093200e+03 9.907700e+02 3.787900e+02
4.027000e+06 1.050762e+11 5.264600e+03 1.318950e+04 7.072200e+03 9.994400e+02 3.831400e+02
4.076500e+06 1.024252e+11 5.242000e+03 1.313370e+04 7.050400e+03 1.008790e+03 3.876000e+02
4.126000e+06 9.979395e+10 5.219200e+03 1.307860e+04 7.028600e+03 1.018380e+03 3.921600e+02
4.175500e+06 9.718910e+10 5.196300e+03 1.302260e+04 7.006900e+03 1.032140e+03 3.984100e+02
4.225000e+06 9.459652e+10 5.173200e+03 1.296630e+04 6.985200e+03 1.042070e+03 4.032300e+02
4.274500e+06 9.201772e+10 5.149900e+03 1.290930e+04 6.962500e+03 1.048090e+03 4.065000e+02
4.324000e+06 8.946381e+10 5.126400e+03 1.285240e+04 6.941600e+03 1.058030e+03 4.115200e+02
4.373500e+06 8.692114e+10 5.102700e+03 1.279560e+04 6.919400e+03 1.064230e+03 4.149400e+02
4.423000e+06 8.439595e+10 5.078900e+03 1.273840e+04 6.897200e+03 1.070380e+03 4.184100e+02
4.472500e+06 8.188936e+10 5.054800e+03 1.268070e+04 6.874300e+03 1.085970e+03 4.255300e+02
4.522000e+06 7.939284e+10 5.030600e+03 1.262260e+04 6.851700e+03 1.097160e+03 4.310300e+02
4.571500e+06 7.691631e+10 5.006200e+03 1.256380e+04 6.828900e+03 1.108580e+03 4.366800e+02
4.621000e+06 7.444450e+10 4.981700e+03 1.250300e+04 6.805600e+03 1.120090e+03 4.424800e+02
4.670500e+06 7.199670e+10 4.957000e+03 1.244270e+04 6.782000e+03 1.127020e+03 4.464300e+02
4.720000e+06 6.955890e+10 4.932100e+03 1.238130e+04 6.757900e+03 1.134010e+03 4.504500e+02
4.769500e+06 6.713183e+10 4.906900e+03 1.231810e+04 6.732300e+03 1.141320e+03 4.545500e+02
4.819000e+06 6.472272e+10 4.881700e+03 1.225580e+04 6.707000e+03 1.148760e+03 4.587200e+02
4.868500e+06 6.232361e+10 4.856200e+03 1.219120e+04 6.681300e+03 1.156040e+03 4.629600e+02
4.918000e+06 5.994136e+10 4.830700e+03 1.212470e+04 6.655400e+03 1.163160e+03 4.672900e+02
4.967500e+06 5.757095e+10 4.805000e+03 1.205710e+04 6.628500e+03 1.170530e+03 4.717000e+02
5.017000e+06 5.521051e+10 4.779000e+03 1.198910e+04 6.600900e+03 1.178190e+03 4.761900e+02
5.066500e+06 5.287008e+10 4.752800e+03 1.192080e+04 6.572800e+03 1.186060e+03 4.807700e+02
5.116000e+06 5.053131e+10 4.726600e+03 1.184910e+04 6.543100e+03 1.193990e+03 4.854400e+02
5.165500e+06 4.820994e+10 4.700100e+03 1.177680e+04 6.513100e+03 1.202040e+03 4.902000e+02
5.215000e+06 4.590692e+10 4.673500e+03 1.170200e+04 6.482200e+03 1.210020e+03 4.950500e+02
5.264500e+06 4.361388e+10 4.646700e+03 1.162650e+04 6.451400e+03 1.217910e+03 5.000000e+02
5.314000e+06 4.133083e+10 4.619800e+03 1.154930e+04 6.418200e+03 1.226520e+03 5.050500e+02
5.363500e+06 3.906293e+10 4.592600e+03 1.147040e+04 6.386000e+03 1.234540e+03 5.102000e+02
5.413000e+06 3.680860e+10 4.565400e+03 1.138970e+04 6.351900e+03 1.243020e+03 5.154600e+02
5.462500e+06 3.456427e+10 4.516200e+03 1.130680e+04 6.316400e+03 1.251690e+03 5.208300e+02
5.512000e+06 3.233116e+10 4.465000e+03 1.122280e+04 6.279900e+03 1.260680e+03 5.263200e+02
5.561500e+06 3.011548e+10 4.411800e+03 1.113550e+04 6.242400e+03 1.269440e+03 5.319100e+02
5.611000e+06 2.791209e+10 4.356500e+03 1.105530e+04 6.210000e+03 1.277930e+03 5.376300e+02
5.661000e+06 2.569653e+10 4.298600e+03 1.092220e+04 6.089800e+03 1.311170e+03 5.434800e+02
