#IASP91 Kennett & Engdahl 1991 
#Depth(m)	Radius(m)	Vp(m/s)	Vs(m/s)
0.000000e+00	6.371000e+06	5.800000e+03	3.360000e+03
1.000000e+03	6.370000e+06	5.800000e+03	3.360000e+03
2.000000e+03	6.369000e+06	5.800000e+03	3.360000e+03
3.000000e+03	6.368000e+06	5.800000e+03	3.360000e+03
4.000000e+03	6.367000e+06	5.800000e+03	3.360000e+03
5.000000e+03	6.366000e+06	5.800000e+03	3.360000e+03
6.000000e+03	6.365000e+06	5.800000e+03	3.360000e+03
7.000000e+03	6.364000e+06	5.800000e+03	3.360000e+03
8.000000e+03	6.363000e+06	5.800000e+03	3.360000e+03
9.000000e+03	6.362000e+06	5.800000e+03	3.360000e+03
1.000000e+04	6.361000e+06	5.800000e+03	3.360000e+03
1.100000e+04	6.360000e+06	5.800000e+03	3.360000e+03
1.200000e+04	6.359000e+06	5.800000e+03	3.360000e+03
1.300000e+04	6.358000e+06	5.800000e+03	3.360000e+03
1.400000e+04	6.357000e+06	5.800000e+03	3.360000e+03
1.500000e+04	6.356000e+06	5.800000e+03	3.360000e+03
1.600000e+04	6.355000e+06	5.800000e+03	3.360000e+03
1.700000e+04	6.354000e+06	5.800000e+03	3.360000e+03
1.800000e+04	6.353000e+06	5.800000e+03	3.360000e+03
1.900000e+04	6.352000e+06	5.800000e+03	3.360000e+03
2.000000e+04	6.351000e+06	5.800000e+03	3.360000e+03
2.000000e+04	6.351000e+06	6.500000e+03	3.750000e+03
2.100000e+04	6.350000e+06	6.500000e+03	3.750000e+03
2.200000e+04	6.349000e+06	6.500000e+03	3.750000e+03
2.300000e+04	6.348000e+06	6.500000e+03	3.750000e+03
2.400000e+04	6.347000e+06	6.500000e+03	3.750000e+03
2.500000e+04	6.346000e+06	6.500000e+03	3.750000e+03
2.600000e+04	6.345000e+06	6.500000e+03	3.750000e+03
2.700000e+04	6.344000e+06	6.500000e+03	3.750000e+03
2.800000e+04	6.343000e+06	6.500000e+03	3.750000e+03
2.900000e+04	6.342000e+06	6.500000e+03	3.750000e+03
3.000000e+04	6.341000e+06	6.500000e+03	3.750000e+03
3.100000e+04	6.340000e+06	6.500000e+03	3.750000e+03
3.200000e+04	6.339000e+06	6.500000e+03	3.750000e+03
3.300000e+04	6.338000e+06	6.500000e+03	3.750000e+03
3.400000e+04	6.337000e+06	6.500000e+03	3.750000e+03
3.500000e+04	6.336000e+06	6.500000e+03	3.750000e+03
3.500000e+04	6.336000e+06	8.040000e+03	4.470000e+03
4.000000e+04	6.331000e+06	8.040600e+03	4.471800e+03
4.500000e+04	6.326000e+06	8.041200e+03	4.473500e+03
5.000000e+04	6.321000e+06	8.041800e+03	4.475300e+03
6.000000e+04	6.311000e+06	8.042900e+03	4.478800e+03
7.000000e+04	6.301000e+06	8.044100e+03	4.482400e+03
8.000000e+04	6.291000e+06	8.045300e+03	4.485900e+03
9.000000e+04	6.281000e+06	8.046500e+03	4.489400e+03
1.000000e+05	6.271000e+06	8.047600e+03	4.492900e+03
1.100000e+05	6.261000e+06	8.048800e+03	4.496500e+03
1.200000e+05	6.251000e+06	8.050000e+03	4.500000e+03
1.200000e+05	6.251000e+06	8.050000e+03	4.500000e+03
1.300000e+05	6.241000e+06	8.077800e+03	4.502000e+03
1.400000e+05	6.231000e+06	8.105600e+03	4.504000e+03
1.500000e+05	6.221000e+06	8.133300e+03	4.506000e+03
1.600000e+05	6.211000e+06	8.161100e+03	4.508000e+03
1.700000e+05	6.201000e+06	8.188900e+03	4.510000e+03
1.800000e+05	6.191000e+06	8.216700e+03	4.512000e+03
1.900000e+05	6.181000e+06	8.244400e+03	4.514000e+03
2.000000e+05	6.171000e+06	8.272200e+03	4.516000e+03
2.100000e+05	6.161000e+06	8.300000e+03	4.518000e+03
2.100000e+05	6.161000e+06	8.300000e+03	4.522000e+03
2.200000e+05	6.151000e+06	8.336500e+03	4.539400e+03
2.300000e+05	6.141000e+06	8.373000e+03	4.556800e+03
2.400000e+05	6.131000e+06	8.409500e+03	4.574200e+03
2.500000e+05	6.121000e+06	8.446000e+03	4.591600e+03
2.600000e+05	6.111000e+06	8.482500e+03	4.609000e+03
2.700000e+05	6.101000e+06	8.519000e+03	4.626400e+03
2.800000e+05	6.091000e+06	8.555500e+03	4.643800e+03
2.900000e+05	6.081000e+06	8.592000e+03	4.661200e+03
3.000000e+05	6.071000e+06	8.628500e+03	4.678600e+03
3.100000e+05	6.061000e+06	8.665000e+03	4.696000e+03
3.200000e+05	6.051000e+06	8.701500e+03	4.713400e+03
3.300000e+05	6.041000e+06	8.738000e+03	4.730800e+03
3.400000e+05	6.031000e+06	8.774500e+03	4.748200e+03
3.500000e+05	6.021000e+06	8.811000e+03	4.765600e+03
3.600000e+05	6.011000e+06	8.847500e+03	4.783000e+03
3.700000e+05	6.001000e+06	8.884000e+03	4.800400e+03
3.800000e+05	5.991000e+06	8.920500e+03	4.817800e+03
3.900000e+05	5.981000e+06	8.957000e+03	4.835200e+03
4.000000e+05	5.971000e+06	8.993500e+03	4.852600e+03
4.100000e+05	5.961000e+06	9.030000e+03	4.870000e+03
4.100000e+05	5.961000e+06	9.360000e+03	5.070000e+03
4.200000e+05	5.951000e+06	9.393600e+03	5.091200e+03
4.300000e+05	5.941000e+06	9.427200e+03	5.112400e+03
4.400000e+05	5.931000e+06	9.460800e+03	5.133600e+03
4.500000e+05	5.921000e+06	9.494400e+03	5.154800e+03
4.600000e+05	5.911000e+06	9.528000e+03	5.176000e+03
4.700000e+05	5.901000e+06	9.561600e+03	5.197200e+03
4.800000e+05	5.891000e+06	9.595200e+03	5.218400e+03
4.900000e+05	5.881000e+06	9.628800e+03	5.239600e+03
5.000000e+05	5.871000e+06	9.662400e+03	5.260800e+03
5.100000e+05	5.861000e+06	9.696000e+03	5.282000e+03
5.200000e+05	5.851000e+06	9.729600e+03	5.303200e+03
5.300000e+05	5.841000e+06	9.763200e+03	5.324400e+03
5.400000e+05	5.831000e+06	9.796800e+03	5.345600e+03
5.500000e+05	5.821000e+06	9.830400e+03	5.366800e+03
5.600000e+05	5.811000e+06	9.864000e+03	5.388000e+03
5.700000e+05	5.801000e+06	9.897600e+03	5.409200e+03
5.800000e+05	5.791000e+06	9.931200e+03	5.430400e+03
5.900000e+05	5.781000e+06	9.964800e+03	5.451600e+03
6.000000e+05	5.771000e+06	9.998400e+03	5.472800e+03
6.100000e+05	5.761000e+06	1.003200e+04	5.494000e+03
6.200000e+05	5.751000e+06	1.006560e+04	5.515200e+03
6.300000e+05	5.741000e+06	1.009920e+04	5.536400e+03
6.400000e+05	5.731000e+06	1.013280e+04	5.557600e+03
6.500000e+05	5.721000e+06	1.016640e+04	5.578800e+03
6.600000e+05	5.711000e+06	1.020000e+04	5.600000e+03
6.600000e+05	5.711000e+06	1.079000e+04	5.950000e+03
6.700000e+05	5.701000e+06	1.081660e+04	5.975900e+03
6.800000e+05	5.691000e+06	1.084320e+04	6.001900e+03
6.900000e+05	5.681000e+06	1.086970e+04	6.027800e+03
7.000000e+05	5.671000e+06	1.089630e+04	6.053800e+03
7.100000e+05	5.661000e+06	1.092290e+04	6.079700e+03
7.200000e+05	5.651000e+06	1.094950e+04	6.105700e+03
7.300000e+05	5.641000e+06	1.097610e+04	6.131600e+03
7.400000e+05	5.631000e+06	1.100260e+04	6.157600e+03
7.500000e+05	5.621000e+06	1.102920e+04	6.183500e+03
7.600000e+05	5.611000e+06	1.105580e+04	6.209500e+03
7.600000e+05	5.611000e+06	1.105580e+04	6.209500e+03
7.700000e+05	5.601000e+06	1.107380e+04	6.217200e+03
7.800000e+05	5.591000e+06	1.109170e+04	6.224900e+03
7.900000e+05	5.581000e+06	1.110950e+04	6.232600e+03
8.000000e+05	5.571000e+06	1.112720e+04	6.240200e+03
9.000000e+05	5.471000e+06	1.129970e+04	6.313800e+03
1.000000e+06	5.371000e+06	1.146400e+04	6.383300e+03
1.100000e+06	5.271000e+06	1.162080e+04	6.448900e+03
1.200000e+06	5.171000e+06	1.177070e+04	6.511000e+03
1.300000e+06	5.071000e+06	1.191420e+04	6.570000e+03
1.400000e+06	4.971000e+06	1.205210e+04	6.626000e+03
1.500000e+06	4.871000e+06	1.218490e+04	6.679600e+03
2.000000e+06	4.371000e+06	1.279440e+04	6.921000e+03
2.500000e+06	3.871000e+06	1.336970e+04	7.148400e+03
2.700000e+06	3.671000e+06	1.360760e+04	7.244500e+03
2.740000e+06	3.631000e+06	1.365640e+04	7.264500e+03
2.740000e+06	3.631000e+06	1.365640e+04	7.264500e+03
2.750000e+06	3.621000e+06	1.365870e+04	7.267000e+03
2.800000e+06	3.571000e+06	1.367030e+04	7.279400e+03
2.850000e+06	3.521000e+06	1.368180e+04	7.291800e+03
2.889000e+06	3.482000e+06	1.369080e+04	7.301500e+03
2.889000e+06	3.482000e+06	8.008800e+03	0.000000e+00
2.900000e+06	3.471000e+06	8.028000e+03	0.000000e+00
3.000000e+06	3.371000e+06	8.199500e+03	0.000000e+00
3.100000e+06	3.271000e+06	8.364200e+03	0.000000e+00
3.200000e+06	3.171000e+06	8.522200e+03	0.000000e+00
3.300000e+06	3.071000e+06	8.673500e+03	0.000000e+00
3.400000e+06	2.971000e+06	8.818000e+03	0.000000e+00
3.500000e+06	2.871000e+06	8.955800e+03	0.000000e+00
4.000000e+06	2.371000e+06	9.543700e+03	0.000000e+00
4.500000e+06	1.871000e+06	9.963300e+03	0.000000e+00
5.153900e+06	1.217100e+06	1.025780e+04	0.000000e+00
5.153900e+06	1.217100e+06	1.109140e+04	3.438500e+03
5.500000e+06	8.710000e+05	1.116440e+04	3.500000e+03
6.000000e+06	3.710000e+05	1.122700e+04	3.552800e+03
6.371000e+06	0.000000e+00	1.124090e+04	3.564500e+03
