#this smaller prem file is used with {s,p}wave_{fast,slow}.txt
# radius	pressure rho	vp	vs	Qk	 Qmu
3493636 135.09 5559.62 13713.27 7264.79 100000    355 
3507273 134.29 5552.79 13709.94 7264.93 100000    355 
3520909 133.48 5545.96 13706.62 7265.06 100000    355 
3534545 132.68 5539.14 13703.30 7265.19 100000    355 
3548182 131.88 5532.32 13700.00 7265.31 100000    355 
3561818 131.08 5525.51 13696.72 7265.43 100000    355 
3575455 130.28 5518.70 13693.44 7265.55 100000    355 
3589091 129.49 5511.89 13690.17 7265.66 100000    355 
3602727 128.70 5505.08 13686.92 7265.77 100000    355 
3616364 127.91 5498.28 13683.67 7265.87 100000    355 
3630000 127.12 5491.48 13680.44 7265.97 100000    355 
3630000 127.12 5491.48 13680.42 7265.93 100000    355 
3642792 126.39 5485.10 13664.89 7260.06 100000    355 
3655584 125.65 5478.72 13649.41 7254.21 100000    355 
3668377 124.92 5472.35 13633.97 7248.37 100000    355 
3681169 124.19 5465.98 13618.57 7242.54 100000    355 
3693961 123.46 5459.61 13603.22 7236.72 100000    355 
3706753 122.74 5453.24 13587.91 7230.92 100000    355 
3719545 122.01 5446.87 13572.64 7225.12 100000    355 
3732338 121.29 5440.50 13557.41 7219.33 100000    355 
3745130 120.57 5434.14 13542.21 7213.55 100000    355 
3757922 119.85 5427.77 13527.05 7207.79 100000    355 
3770714 119.13 5421.41 13511.93 7202.02 100000    355 
3783506 118.41 5415.04 13496.84 7196.27 100000    355 
3796299 117.70 5408.68 13481.78 7190.53 100000    355 
3809091 116.99 5402.32 13466.76 7184.79 100000    355 
3821883 116.28 5395.95 13451.76 7179.06 100000    355 
3834675 115.57 5389.59 13436.79 7173.33 100000    355 
3847468 114.86 5383.23 13421.85 7167.61 100000    355 
3860260 114.15 5376.86 13406.94 7161.90 100000    355 
3873052 113.45 5370.50 13392.05 7156.19 100000    355 
3885844 112.74 5364.13 13377.18 7150.48 100000    355 
3898636 112.04 5357.76 13362.34 7144.78 100000    355 
3911429 111.34 5351.40 13347.51 7139.08 100000    355 
3924221 110.64 5345.03 13332.71 7133.39 100000    355 
3937013 109.94 5338.66 13317.92 7127.70 100000    355 
3949805 109.25 5332.29 13303.15 7122.01 100000    355 
3962597 108.55 5325.91 13288.40 7116.32 100000    355 
3975390 107.86 5319.54 13273.66 7110.63 100000    355 
3988182 107.17 5313.16 13258.93 7104.94 100000    355 
4000974 106.48 5306.78 13244.22 7099.26 100000    355 
4013766 105.79 5300.40 13229.51 7093.57 100000    355 
4026558 105.10 5294.02 13214.82 7087.88 100000    355 
4039351 104.41 5287.63 13200.13 7082.19 100000    355 
4052143 103.73 5281.24 13185.45 7076.50 100000    355 
4064935 103.04 5274.85 13170.77 7070.81 100000    355 
4077727 102.36 5268.46 13156.10 7065.12 100000    355 
4090519 101.68 5262.06 13141.43 7059.42 100000    355 
4103312 101.00 5255.66 13126.77 7053.72 100000    355 
4116104 100.32 5249.25 13112.10 7048.02 100000    355 
4128896  99.64 5242.85 13097.43 7042.31 100000    355 
4141688  98.97 5236.43 13082.76 7036.59 100000    355 
4154481  98.29 5230.02 13068.08 7030.88 100000    355 
4167273  97.62 5223.60 13053.40 7025.15 100000    355 
4180065  96.95 5217.18 13038.71 7019.42 100000    355 
4192857  96.28 5210.75 13024.02 7013.69 100000    355 
4205649  95.61 5204.32 13009.32 7007.94 100000    355 
4218442  94.94 5197.88 12994.60 7002.19 100000    355 
4231234  94.27 5191.44 12979.88 6996.43 100000    355 
4244026  93.60 5184.99 12965.14 6990.67 100000    355 
4256818  92.94 5178.54 12950.39 6984.89 100000    355 
4269610  92.27 5172.08 12935.62 6979.11 100000    355 
4282403  91.61 5165.62 12920.83 6973.31 100000    355 
4295195  90.95 5159.15 12906.03 6967.51 100000    355 
4307987  90.29 5152.68 12891.21 6961.69 100000    355 
4320779  89.63 5146.20 12876.36 6955.87 100000    355 
4333571  88.97 5139.71 12861.50 6950.03 100000    355 
4346364  88.31 5133.22 12846.61 6944.18 100000    355 
4359156  87.66 5126.72 12831.70 6938.32 100000    355 
4371948  87.00 5120.22 12816.76 6932.44 100000    355 
4384740  86.35 5113.71 12801.80 6926.55 100000    355 
4397532  85.69 5107.19 12786.80 6920.65 100000    355 
4410325  85.04 5100.67 12771.78 6914.74 100000    355 
4423117  84.39 5094.14 12756.72 6908.81 100000    355 
4435909  83.74 5087.60 12741.64 6902.86 100000    355 
4448701  83.09 5081.05 12726.51 6896.90 100000    355 
4461494  82.44 5074.50 12711.36 6890.92 100000    355 
4474286  81.80 5067.94 12696.17 6884.93 100000    355 
4487078  81.15 5061.37 12680.94 6878.92 100000    355 
4499870  80.51 5054.79 12665.67 6872.89 100000    355 
4512662  79.86 5048.21 12650.36 6866.85 100000    355 
4525455  79.22 5041.61 12635.01 6860.79 100000    355 
4538247  78.58 5035.01 12619.62 6854.70 100000    355 
4551039  77.94 5028.40 12604.18 6848.60 100000    355 
4563831  77.30 5021.79 12588.70 6842.48 100000    355 
4576623  76.66 5015.16 12573.18 6836.34 100000    355 
4589416  76.02 5008.52 12557.60 6830.18 100000    355 
4602208  75.38 5001.88 12541.98 6824.00 100000    355 
4615000  74.74 4995.22 12526.30 6817.80 100000    355 
4627792  74.11 4988.56 12510.57 6811.57 100000    355 
4640584  73.47 4981.89 12494.79 6805.32 100000    355 
4653377  72.84 4975.20 12478.96 6799.05 100000    355 
4666169  72.21 4968.51 12463.07 6792.76 100000    355 
4678961  71.58 4961.81 12447.12 6786.44 100000    355 
4691753  70.95 4955.09 12431.12 6780.10 100000    355 
4704545  70.32 4948.37 12415.05 6773.74 100000    355 
4717338  69.69 4941.64 12398.93 6767.35 100000    355 
4730130  69.06 4934.89 12382.74 6760.93 100000    355 
4742922  68.43 4928.14 12366.49 6754.49 100000    355 
4755714  67.81 4921.37 12350.18 6748.02 100000    355 
4768506  67.18 4914.59 12333.80 6741.53 100000    355 
4781299  66.56 4907.80 12317.35 6735.01 100000    355 
4794091  65.93 4901.00 12300.83 6728.46 100000    355 
4806883  65.31 4894.19 12284.24 6721.88 100000    355 
4819675  64.69 4887.37 12267.59 6715.27 100000    355 
4832468  64.07 4880.54 12250.86 6708.64 100000    355 
4845260  63.45 4873.69 12234.05 6701.97 100000    355 
4858052  62.83 4866.83 12217.17 6695.28 100000    355 
4870844  62.21 4859.96 12200.22 6688.55 100000    355 
4883636  61.60 4853.08 12183.19 6681.80 100000    355 
4896429  60.98 4846.18 12166.07 6675.01 100000    355 
4909221  60.36 4839.27 12148.88 6668.19 100000    355 
4922013  59.75 4832.35 12131.61 6661.34 100000    355 
4934805  59.14 4825.42 12114.25 6654.46 100000    355 
4947597  58.52 4818.47 12096.81 6647.54 100000    355 
4960390  57.91 4811.51 12079.29 6640.59 100000    355 
4973182  57.30 4804.53 12061.67 6633.61 100000    355 
4985974  56.69 4797.55 12043.97 6626.59 100000    355 
4998766  56.08 4790.54 12026.19 6619.54 100000    355 
5011558  55.47 4783.53 12008.31 6612.45 100000    355 
5024351  54.86 4776.50 11990.33 6605.32 100000    355 
5037143  54.26 4769.45 11972.27 6598.16 100000    355 
5049935  53.65 4762.40 11954.11 6590.97 100000    355 
5062727  53.05 4755.32 11935.85 6583.73 100000    355 
5075519  52.44 4748.24 11917.50 6576.46 100000    355 
5088312  51.84 4741.13 11899.05 6569.15 100000    355 
5101104  51.24 4734.02 11880.50 6561.80 100000    355 
5113896  50.63 4726.89 11861.85 6554.41 100000    355 
5126688  50.03 4719.74 11843.10 6546.99 100000    355 
5139481  49.43 4712.58 11824.24 6539.52 100000    355 
5152273  48.83 4705.40 11805.28 6532.01 100000    355 
5165065  48.23 4698.20 11786.22 6524.47 100000    355 
5177857  47.64 4690.99 11767.04 6516.88 100000    355 
5190649  47.04 4683.77 11747.76 6509.25 100000    355 
5203442  46.44 4676.53 11728.36 6501.57 100000    355 
5216234  45.85 4669.27 11708.86 6493.86 100000    355 
5229026  45.26 4661.99 11689.24 6486.10 100000    355 
5241818  44.66 4654.70 11669.51 6478.30 100000    355 
5254610  44.07 4647.39 11649.67 6470.45 100000    355 
5267403  43.48 4640.07 11629.70 6462.56 100000    355 
5280195  42.89 4632.73 11609.62 6454.63 100000    355 
5292987  42.30 4625.37 11589.43 6446.65 100000    355 
5305779  41.71 4617.99 11569.11 6438.62 100000    355 
5318571  41.12 4610.60 11548.67 6430.55 100000    355 
5331364  40.53 4603.19 11528.10 6422.43 100000    355 
5344156  39.95 4595.76 11507.41 6414.27 100000    355 
5356948  39.36 4588.31 11486.60 6406.06 100000    355 
5369740  38.78 4580.84 11465.66 6397.80 100000    355 
5382532  38.19 4573.36 11444.59 6389.49 100000    355 
5395325  37.61 4565.86 11423.40 6381.13 100000    355 
5408117  37.03 4558.34 11402.07 6372.72 100000    355 
5420909  36.45 4550.80 11380.61 6364.27 100000    355 
5433701  35.87 4543.24 11359.01 6355.76 100000    355 
5446494  35.29 4535.66 11337.29 6347.20 100000    355 
5459286  34.71 4528.07 11315.42 6338.59 100000    355 
5472078  34.13 4520.45 11293.42 6329.93 100000    355 
5484870  33.55 4512.82 11271.28 6321.22 100000    355 
5497662  32.98 4505.16 11249.00 6312.45 100000    355 
5510455  32.40 4497.49 11226.59 6303.64 100000    355 
5523247  31.83 4489.79 11204.02 6294.77 100000    355 
5536039  31.25 4482.08 11181.32 6285.84 100000    355 
5548831  30.68 4474.35 11158.47 6276.86 100000    355 
5561623  30.11 4466.59 11135.47 6267.83 100000    355 
5574416  29.54 4458.82 11112.33 6258.74 100000    355 
5587208  28.97 4451.02 11089.03 6249.59 100000    355 
5600000  28.40 4443.20 11065.59 6240.39 100000    355 
5600000  28.40 4443.20 11065.60 6240.54 100000    355 
5614429  27.76 4434.36 11020.74 6198.32 100000    355 
5628857  27.12 4425.49 10975.87 6156.11 100000    355 
5643286  26.48 4416.60 10930.99 6113.90 100000    355 
5657714  25.84 4407.68 10886.09 6071.70 100000    355 
5672143  25.21 4398.73 10841.18 6029.50 100000    355 
5686571  24.57 4389.75 10796.26 5987.31 100000    355 
