# PREM Dziewonski & Anderson 1981 
# Radius (km) Pressure (Pa), rho (g/m^3) Vp (m/s) Vs (m/s) 
1.000000e+05 3.636131e+11 1.308630e+04 1.126064e+04 3.666700e+03 
2.000000e+05 3.628956e+11 1.307977e+04 1.125593e+04 3.663420e+03 
3.000000e+05 3.617011e+11 1.306888e+04 1.124809e+04 3.657940e+03 
4.000000e+05 3.600315e+11 1.305364e+04 1.123712e+04 3.650270e+03 
5.000000e+05 3.578894e+11 1.303404e+04 1.122301e+04 3.640410e+03 
6.000000e+05 3.552783e+11 1.301009e+04 1.120576e+04 3.628350e+03 
7.000000e+05 3.522024e+11 1.298178e+04 1.118538e+04 3.614110e+03 
8.000000e+05 3.486665e+11 1.294912e+04 1.116186e+04 3.597670e+03 
9.000000e+05 3.446764e+11 1.291211e+04 1.113521e+04 3.579050e+03 
1.000000e+06 3.402383e+11 1.287073e+04 1.110542e+04 3.558230e+03 
1.100000e+06 3.353596e+11 1.282501e+04 1.107249e+04 3.535220e+03 
1.200000e+06 3.300480e+11 1.277493e+04 1.103643e+04 3.510020e+03 
1.221500e+06 3.288513e+11 1.276360e+04 1.102827e+04 3.504320e+03 
1.221500e+06 3.288502e+11 1.216634e+04 1.035568e+04 0.000000e+00 
1.300000e+06 3.245423e+11 1.212500e+04 1.030971e+04 0.000000e+00 
1.400000e+06 3.187493e+11 1.206924e+04 1.024959e+04 0.000000e+00 
1.500000e+06 3.126159e+11 1.200989e+04 1.018743e+04 0.000000e+00 
1.600000e+06 3.061461e+11 1.194682e+04 1.012291e+04 0.000000e+00 
1.700000e+06 2.993457e+11 1.187990e+04 1.005572e+04 0.000000e+00 
1.800000e+06 2.922221e+11 1.180900e+04 9.985540e+03 0.000000e+00 
1.900000e+06 2.847839e+11 1.173401e+04 9.912060e+03 0.000000e+00 
2.000000e+06 2.770407e+11 1.165478e+04 9.834960e+03 0.000000e+00 
2.100000e+06 2.690035e+11 1.157119e+04 9.753930e+03 0.000000e+00 
2.200000e+06 2.606838e+11 1.148311e+04 9.668650e+03 0.000000e+00 
2.300000e+06 2.520942e+11 1.139042e+04 9.578810e+03 0.000000e+00 
2.400000e+06 2.432484e+11 1.129298e+04 9.484090e+03 0.000000e+00 
2.500000e+06 2.341603e+11 1.119067e+04 9.384180e+03 0.000000e+00 
2.600000e+06 2.248453e+11 1.108335e+04 9.278760e+03 0.000000e+00 
2.700000e+06 2.153189e+11 1.097091e+04 9.167520e+03 0.000000e+00 
2.800000e+06 2.055978e+11 1.085321e+04 9.050150e+03 0.000000e+00 
2.900000e+06 1.956991e+11 1.073012e+04 8.926320e+03 0.000000e+00 
3.000000e+06 1.856409e+11 1.060152e+04 8.795730e+03 0.000000e+00 
3.100000e+06 1.754418e+11 1.046727e+04 8.658050e+03 0.000000e+00 
3.200000e+06 1.651209e+11 1.032726e+04 8.512980e+03 0.000000e+00 
3.300000e+06 1.546982e+11 1.018134e+04 8.360190e+03 0.000000e+00 
3.400000e+06 1.441941e+11 1.002940e+04 8.199390e+03 0.000000e+00 
3.480000e+06 1.357510e+11 9.903490e+03 8.064820e+03 0.000000e+00 
3.480000e+06 1.357509e+11 5.566450e+03 1.371660e+04 7.264660e+03 
3.500000e+06 1.345619e+11 5.556410e+03 1.371168e+04 7.264860e+03 
3.600000e+06 1.287067e+11 5.506420e+03 1.368753e+04 7.265750e+03 
3.630000e+06 1.269742e+11 5.491450e+03 1.368041e+04 7.265970e+03 
3.630000e+06 1.269741e+11 5.491450e+03 1.368041e+04 7.265970e+03 
3.700000e+06 1.229719e+11 5.456570e+03 1.359597e+04 7.234030e+03 
3.800000e+06 1.173465e+11 5.406810e+03 1.347742e+04 7.188920e+03 
3.900000e+06 1.118207e+11 5.357060e+03 1.336074e+04 7.144230e+03 
4.000000e+06 1.063864e+11 5.307240e+03 1.324532e+04 7.099740e+03 
4.100000e+06 1.010363e+11 5.257290e+03 1.313055e+04 7.055250e+03 
4.200000e+06 9.576410e+10 5.207130e+03 1.301579e+04 7.010530e+03 
4.300000e+06 9.056460e+10 5.156690e+03 1.290045e+04 6.965380e+03 
4.400000e+06 8.543320e+10 5.105900e+03 1.278389e+04 6.919570e+03 
4.500000e+06 8.036600e+10 5.054690e+03 1.266550e+04 6.872890e+03 
4.600000e+06 7.535980e+10 5.002990e+03 1.254466e+04 6.825120e+03 
4.700000e+06 7.041190e+10 4.950730e+03 1.242075e+04 6.776060e+03 
4.800000e+06 6.552020e+10 4.897830e+03 1.229316e+04 6.725480e+03 
4.900000e+06 6.068300e+10 4.844220e+03 1.216126e+04 6.673170e+03 
5.000000e+06 5.589910e+10 4.789830e+03 1.202445e+04 6.618910e+03 
5.100000e+06 5.116760e+10 4.734600e+03 1.188209e+04 6.562500e+03 
5.200000e+06 4.648820e+10 4.678440e+03 1.173357e+04 6.503700e+03 
5.300000e+06 4.186060e+10 4.621290e+03 1.157628e+04 6.442320e+03 
5.400000e+06 3.728520e+10 4.563070e+03 1.141560e+04 6.378130e+03 
5.500000e+06 3.276230e+10 4.503720e+03 1.124490e+04 6.310910e+03 
5.600000e+06 2.829280e+10 4.443170e+03 1.106557e+04 6.240460e+03 
5.600000e+06 2.829270e+10 4.443160e+03 1.106556e+04 6.240460e+03 
5.650000e+06 2.607830e+10 4.412410e+03 1.091005e+04 6.094180e+03 
5.701000e+06 2.383420e+10 4.380710e+03 1.075131e+04 5.945080e+03 
5.701000e+06 2.383340e+10 3.992140e+03 1.026622e+04 5.570200e+03 
5.736000e+06 2.243000e+10 3.983990e+03 1.021203e+04 5.543110e+03 
5.771000e+06 2.104250e+10 3.975840e+03 1.015782e+04 5.516020e+03 
5.771000e+06 1.907030e+10 3.975840e+03 1.015782e+04 5.516000e+03 
5.821000e+06 1.713110e+10 3.912820e+03 9.901850e+03 5.370140e+03 
5.871000e+06 1.522510e+10 3.849800e+03 9.645880e+03 5.224280e+03 
5.921000e+06 1.335270e+10 3.786780e+03 9.389900e+03 5.078420e+03 
5.971000e+06 1.335200e+10 3.723780e+03 9.133970e+03 4.932590e+03 
5.971000e+06 1.177020e+10 3.543250e+03 8.905220e+03 4.769890e+03 
6.016000e+06 1.020270e+10 3.516390e+03 8.818670e+03 4.738400e+03 
6.061000e+06 8.649700e+09 3.489510e+03 8.732090e+03 4.706900e+03 
6.106000e+06 7.111500e+09 3.462640e+03 8.645520e+03 4.675400e+03 
6.151000e+06 7.110800e+09 3.435780e+03 8.558960e+03 4.643910e+03 
6.151000e+06 5.946600e+09 3.359500e+03 7.989700e+03 4.418850e+03 
6.186000e+06 4.782400e+09 3.363300e+03 8.011800e+03 4.431080e+03 
6.221000e+06 3.618300e+09 3.367100e+03 8.033700e+03 4.443610e+03 
6.256000e+06 2.454600e+09 3.370910e+03 8.055400e+03 4.456430e+03 
6.291000e+06 2.454600e+09 3.374710e+03 8.076880e+03 4.469530e+03 
6.291000e+06 2.453900e+09 3.374710e+03 8.076890e+03 4.469540e+03 
6.311000e+06 1.789100e+09 3.376880e+03 8.089070e+03 4.477150e+03 
6.331000e+06 1.123900e+09 3.379060e+03 8.101190e+03 4.484860e+03 
6.346600e+06 6.043000e+08 3.380760e+03 8.110610e+03 4.490940e+03 
6.346600e+06 6.040000e+08 2.900000e+03 6.800000e+03 3.900000e+03 
6.356000e+06 3.370000e+08 2.900000e+03 6.800000e+03 3.900000e+03 
6.356000e+06 3.364000e+08 2.600000e+03 5.800000e+03 3.200000e+03 
6.368000e+06 3.030000e+07 2.600000e+03 5.800000e+03 3.200000e+03 
6.368000e+06 2.990000e+07 1.020000e+03 1.450000e+03 0.000000e+00 
6.371000e+06 0.000000e+00 1.020000e+03 1.450000e+03 0.000000e+00 
