#PREM (Dziewonski and Anderson, 1981) and QL6 (Durek and Ekstrom, 1995)
#Depth(m)	Radius(m)	Pressure(Pa)	Gravity(m/s^2)	Density(g/m^3)	Vp(m/s)	Vs(m/s)	QK	QG
0.000000e+00	6.371000e+06	0.000000e+00	9.810208e+00	1.020000e+03	1.450000e+03	0.000000e+00	1.000000e+05	0.000000e+00
2.999000e+03	6.368001e+06	3.001786e+07	9.793357e+00	1.020000e+03	1.450000e+03	0.000000e+00	1.000000e+05	2.999000e+02
3.001000e+03	6.367999e+06	3.003790e+07	9.793353e+00	2.600000e+03	5.800000e+03	3.200000e+03	1.000000e+05	3.000000e+02
1.500000e+04	6.356000e+06	3.356532e+08	9.806844e+00	2.600000e+03	5.800000e+03	3.200000e+03	1.000000e+05	3.000000e+02
1.510000e+04	6.355900e+06	3.382099e+08	9.806597e+00	2.900000e+03	6.800000e+03	3.900000e+03	1.000000e+05	2.988404e+02
2.439900e+04	6.346601e+06	6.027759e+08	9.783571e+00	2.900000e+03	6.800000e+03	3.900000e+03	1.000000e+05	1.910116e+02
2.440100e+04	6.346599e+06	6.028330e+08	9.783569e+00	3.380760e+03	8.110610e+03	4.490940e+03	1.000000e+05	1.910000e+02
4.000000e+04	6.331000e+06	1.118971e+09	9.787837e+00	3.379060e+03	8.101190e+03	4.484860e+03	1.000000e+05	1.910000e+02
6.000000e+04	6.311000e+06	1.780686e+09	9.793527e+00	3.376880e+03	8.089070e+03	4.477150e+03	1.000000e+05	1.910000e+02
7.999900e+04	6.291001e+06	2.442327e+09	9.812233e+00	3.374710e+03	8.076890e+03	4.469540e+03	1.000000e+05	1.910000e+02
8.000100e+04	6.290999e+06	2.442394e+09	9.812234e+00	3.374710e+03	8.076880e+03	4.469530e+03	1.000000e+05	1.909914e+02
1.150000e+05	6.256000e+06	3.601758e+09	9.823338e+00	3.370910e+03	8.055400e+03	4.456430e+03	1.000000e+05	7.000000e+01
1.500000e+05	6.221000e+06	4.761165e+09	9.835265e+00	3.367100e+03	8.033700e+03	4.443610e+03	1.000000e+05	7.000000e+01
1.850000e+05	6.186000e+06	5.920672e+09	9.848103e+00	3.363300e+03	8.011800e+03	4.431080e+03	1.000000e+05	7.000000e+01
2.199990e+05	6.151001e+06	7.080354e+09	9.860843e+00	3.359500e+03	7.989700e+03	4.418850e+03	1.000000e+05	1.649932e+02
2.200010e+05	6.150999e+06	7.080420e+09	9.860844e+00	3.435780e+03	8.558960e+03	4.643910e+03	1.000000e+05	1.650000e+02
2.650000e+05	6.106000e+06	8.605626e+09	9.875946e+00	3.462640e+03	8.645520e+03	4.675400e+03	1.000000e+05	1.650000e+02
3.100000e+05	6.061000e+06	1.014515e+10	9.891345e+00	3.489510e+03	8.732090e+03	4.706900e+03	1.000000e+05	1.650000e+02
3.550000e+05	6.016000e+06	1.169906e+10	9.907055e+00	3.516390e+03	8.818670e+03	4.738400e+03	1.000000e+05	1.650000e+02
3.999990e+05	5.971001e+06	1.326739e+10	9.923574e+00	3.543250e+03	8.905220e+03	4.769890e+03	1.000000e+05	1.650000e+02
4.000010e+05	5.970999e+06	1.326746e+10	9.923574e+00	3.723780e+03	9.133970e+03	4.932590e+03	1.000000e+05	1.650000e+02
4.500000e+05	5.921000e+06	1.511573e+10	9.933169e+00	3.786780e+03	9.389900e+03	5.078420e+03	1.000000e+05	1.650000e+02
5.000000e+05	5.871000e+06	1.699714e+10	9.941718e+00	3.849800e+03	9.645880e+03	5.224280e+03	1.000000e+05	1.650000e+02
5.500000e+05	5.821000e+06	1.891151e+10	9.949229e+00	3.912820e+03	9.901850e+03	5.370140e+03	1.000000e+05	1.650000e+02
5.999990e+05	5.771001e+06	2.085867e+10	9.941962e+00	3.975840e+03	1.015782e+04	5.516000e+03	1.000000e+05	1.650000e+02
6.000010e+05	5.770999e+06	2.085875e+10	9.941961e+00	3.975840e+03	1.015782e+04	5.516020e+03	1.000000e+05	1.650000e+02
6.350000e+05	5.736000e+06	2.224269e+10	9.946784e+00	3.983990e+03	1.021203e+04	5.543110e+03	1.000000e+05	1.650000e+02
6.699990e+05	5.701001e+06	2.363015e+10	9.960032e+00	3.992140e+03	1.026622e+04	5.570200e+03	1.000000e+05	1.650000e+02
6.700010e+05	5.700999e+06	2.363023e+10	9.960033e+00	4.380710e+03	1.075131e+04	5.945080e+03	1.000000e+05	1.650132e+02
7.210000e+05	5.650000e+06	2.585575e+10	9.951594e+00	4.412410e+03	1.091005e+04	6.094180e+03	1.000000e+05	3.550000e+02
7.709990e+05	5.600001e+06	2.805156e+10	9.949530e+00	4.443160e+03	1.106556e+04	6.240460e+03	1.000000e+05	3.550000e+02
7.710010e+05	5.599999e+06	2.805165e+10	9.949530e+00	4.443170e+03	1.106557e+04	6.240460e+03	1.000000e+05	3.550000e+02
8.710000e+05	5.500000e+06	3.247303e+10	9.933913e+00	4.503720e+03	1.124490e+04	6.310910e+03	1.000000e+05	3.550000e+02
9.710000e+05	5.400000e+06	3.694769e+10	9.919357e+00	4.563070e+03	1.141560e+04	6.378130e+03	1.000000e+05	3.550000e+02
1.071000e+06	5.300000e+06	4.147471e+10	9.906239e+00	4.621290e+03	1.157628e+04	6.442320e+03	1.000000e+05	3.550000e+02
1.171000e+06	5.200000e+06	4.605346e+10	9.894942e+00	4.678440e+03	1.173357e+04	6.503700e+03	1.000000e+05	3.550000e+02
1.271000e+06	5.100000e+06	5.068357e+10	9.885900e+00	4.734600e+03	1.188209e+04	6.562500e+03	1.000000e+05	3.550000e+02
1.371000e+06	5.000000e+06	5.536502e+10	9.879563e+00	4.789830e+03	1.202445e+04	6.618910e+03	1.000000e+05	3.550000e+02
1.471000e+06	4.900000e+06	6.009808e+10	9.876421e+00	4.844220e+03	1.216126e+04	6.673170e+03	1.000000e+05	3.550000e+02
1.571000e+06	4.800000e+06	6.488339e+10	9.877008e+00	4.897830e+03	1.229316e+04	6.725480e+03	1.000000e+05	3.550000e+02
1.671000e+06	4.700000e+06	6.972200e+10	9.881893e+00	4.950730e+03	1.242075e+04	6.776060e+03	1.000000e+05	3.550000e+02
1.771000e+06	4.600000e+06	7.461533e+10	9.891705e+00	5.002990e+03	1.254466e+04	6.825120e+03	1.000000e+05	3.550000e+02
1.871000e+06	4.500000e+06	7.956526e+10	9.907140e+00	5.054690e+03	1.266550e+04	6.872890e+03	1.000000e+05	3.550000e+02
1.971000e+06	4.400000e+06	8.457421e+10	9.928972e+00	5.105900e+03	1.278389e+04	6.919570e+03	1.000000e+05	3.550000e+02
2.071000e+06	4.300000e+06	8.964510e+10	9.958031e+00	5.156690e+03	1.290045e+04	6.965380e+03	1.000000e+05	3.550000e+02
2.171000e+06	4.200000e+06	9.478148e+10	9.995246e+00	5.207130e+03	1.301579e+04	7.010530e+03	1.000000e+05	3.550000e+02
2.271000e+06	4.100000e+06	9.998754e+10	1.004165e+01	5.257290e+03	1.313055e+04	7.055250e+03	1.000000e+05	3.550000e+02
2.371000e+06	4.000000e+06	1.052682e+11	1.009843e+01	5.307240e+03	1.324532e+04	7.099740e+03	1.000000e+05	3.550000e+02
2.471000e+06	3.900000e+06	1.106293e+11	1.016689e+01	5.357060e+03	1.336074e+04	7.144230e+03	1.000000e+05	3.550000e+02
2.571000e+06	3.800000e+06	1.160774e+11	1.024851e+01	5.406810e+03	1.347742e+04	7.188920e+03	1.000000e+05	3.550000e+02
2.671000e+06	3.700000e+06	1.216204e+11	1.034495e+01	5.456570e+03	1.359597e+04	7.234030e+03	1.000000e+05	3.550000e+02
2.741000e+06	3.630000e+06	1.255731e+11	1.041838e+01	5.491450e+03	1.368041e+04	7.265970e+03	1.000000e+05	3.550000e+02
2.741000e+06	3.630000e+06	1.255731e+11	1.041838e+01	5.491450e+03	1.368041e+04	7.265970e+03	1.000000e+05	3.550000e+02
2.771000e+06	3.600000e+06	1.273003e+11	1.045422e+01	5.506420e+03	1.368753e+04	7.265750e+03	1.000000e+05	3.550000e+02
2.871000e+06	3.500000e+06	1.330589e+11	1.058871e+01	5.556410e+03	1.371168e+04	7.264860e+03	1.000000e+05	3.550000e+02
2.890999e+06	3.480001e+06	1.342357e+11	1.063684e+01	5.566450e+03	1.371660e+04	7.264660e+03	1.000000e+05	2.663388e+02
2.891001e+06	3.479999e+06	1.342358e+11	1.063682e+01	9.903490e+03	8.064820e+03	0.000000e+00	1.000000e+05	2.661612e+02
2.971000e+06	3.400000e+06	1.426150e+11	1.039891e+01	1.002940e+04	8.199390e+03	0.000000e+00	1.000000e+05	0.000000e+00
3.071000e+06	3.300000e+06	1.530449e+11	1.017080e+01	1.018134e+04	8.360190e+03	0.000000e+00	1.000000e+05	0.000000e+00
3.171000e+06	3.200000e+06	1.634006e+11	9.935180e+00	1.032726e+04	8.512980e+03	0.000000e+00	1.000000e+05	0.000000e+00
3.271000e+06	3.100000e+06	1.736614e+11	9.692408e+00	1.046727e+04	8.658050e+03	0.000000e+00	1.000000e+05	0.000000e+00
3.371000e+06	3.000000e+06	1.838072e+11	9.442818e+00	1.060152e+04	8.795730e+03	0.000000e+00	1.000000e+05	0.000000e+00
3.471000e+06	2.900000e+06	1.938186e+11	9.186750e+00	1.073012e+04	8.926320e+03	0.000000e+00	1.000000e+05	0.000000e+00
3.571000e+06	2.800000e+06	2.036767e+11	8.924535e+00	1.085321e+04	9.050150e+03	0.000000e+00	1.000000e+05	0.000000e+00
3.671000e+06	2.700000e+06	2.133634e+11	8.656495e+00	1.097091e+04	9.167520e+03	0.000000e+00	1.000000e+05	0.000000e+00
3.771000e+06	2.600000e+06	2.228611e+11	8.382965e+00	1.108335e+04	9.278760e+03	0.000000e+00	1.000000e+05	0.000000e+00
3.871000e+06	2.500000e+06	2.321530e+11	8.104286e+00	1.119067e+04	9.384180e+03	0.000000e+00	1.000000e+05	0.000000e+00
3.971000e+06	2.400000e+06	2.412231e+11	7.820797e+00	1.129298e+04	9.484090e+03	0.000000e+00	1.000000e+05	0.000000e+00
4.071000e+06	2.300000e+06	2.500560e+11	7.532848e+00	1.139042e+04	9.578810e+03	0.000000e+00	1.000000e+05	0.000000e+00
4.171000e+06	2.200000e+06	2.586373e+11	7.240773e+00	1.148311e+04	9.668650e+03	0.000000e+00	1.000000e+05	0.000000e+00
4.271000e+06	2.100000e+06	2.669531e+11	6.944966e+00	1.157119e+04	9.753930e+03	0.000000e+00	1.000000e+05	0.000000e+00
4.371000e+06	2.000000e+06	2.749905e+11	6.645828e+00	1.165478e+04	9.834960e+03	0.000000e+00	1.000000e+05	0.000000e+00
4.471000e+06	1.900000e+06	2.827375e+11	6.343801e+00	1.173401e+04	9.912060e+03	0.000000e+00	1.000000e+05	0.000000e+00
4.571000e+06	1.800000e+06	2.901829e+11	6.039352e+00	1.180900e+04	9.985540e+03	0.000000e+00	1.000000e+05	0.000000e+00
4.671000e+06	1.700000e+06	2.973165e+11	5.733041e+00	1.187990e+04	1.005572e+04	0.000000e+00	1.000000e+05	0.000000e+00
4.771000e+06	1.600000e+06	3.041293e+11	5.425531e+00	1.194682e+04	1.012291e+04	0.000000e+00	1.000000e+05	0.000000e+00
4.871000e+06	1.500000e+06	3.106133e+11	5.117628e+00	1.200989e+04	1.018743e+04	0.000000e+00	1.000000e+05	0.000000e+00
4.971000e+06	1.400000e+06	3.167621e+11	4.810330e+00	1.206924e+04	1.024959e+04	0.000000e+00	1.000000e+05	0.000000e+00
5.071000e+06	1.300000e+06	3.225707e+11	4.504973e+00	1.212500e+04	1.030971e+04	0.000000e+00	1.000000e+05	0.000000e+00
5.149499e+06	1.221501e+06	3.268613e+11	4.264373e+00	1.216634e+04	1.035568e+04	0.000000e+00	1.000000e+05	0.000000e+00
5.149501e+06	1.221499e+06	3.268614e+11	4.264367e+00	1.276360e+04	1.102827e+04	3.504320e+03	1.000000e+05	8.088350e-03
5.171000e+06	1.200000e+06	3.280315e+11	4.189105e+00	1.277493e+04	1.103643e+04	3.510020e+03	1.000000e+05	1.040000e+02
5.271000e+06	1.100000e+06	3.333831e+11	3.837539e+00	1.282501e+04	1.107249e+04	3.535220e+03	1.000000e+05	1.040000e+02
5.371000e+06	1.000000e+06	3.383047e+11	3.483645e+00	1.287073e+04	1.110542e+04	3.558230e+03	1.000000e+05	1.040000e+02
5.471000e+06	9.000000e+05	3.427884e+11	3.127651e+00	1.291211e+04	1.113521e+04	3.579050e+03	1.000000e+05	1.040000e+02
5.571000e+06	8.000000e+05	3.468269e+11	2.769793e+00	1.294912e+04	1.116186e+04	3.597670e+03	1.000000e+05	1.040000e+02
5.671000e+06	7.000000e+05	3.504135e+11	2.410298e+00	1.298178e+04	1.118538e+04	3.614110e+03	1.000000e+05	1.040000e+02
5.771000e+06	6.000000e+05	3.535425e+11	2.049449e+00	1.301009e+04	1.120576e+04	3.628350e+03	1.000000e+05	1.040000e+02
5.871000e+06	5.000000e+05	3.562089e+11	1.687530e+00	1.303404e+04	1.122301e+04	3.640410e+03	1.000000e+05	1.040000e+02
5.971000e+06	4.000000e+05	3.584084e+11	1.324901e+00	1.305364e+04	1.123712e+04	3.650270e+03	1.000000e+05	1.040000e+02
6.071000e+06	3.000000e+05	3.601379e+11	9.621238e-01	1.306888e+04	1.124809e+04	3.657940e+03	1.000000e+05	1.040000e+02
6.171000e+06	2.000000e+05	3.613953e+11	6.003977e-01	1.307977e+04	1.125593e+04	3.663420e+03	1.000000e+05	1.040000e+02
6.271000e+06	1.000000e+05	3.621806e+11	2.446533e-01	1.308630e+04	1.126064e+04	3.666700e+03	1.000000e+05	1.040000e+02
