#this model will still be improved over time
#Mean 1D P wave velocities for the fast region in the lower mantle, clustering after Lekic et al. 2012
#Models include MIT-P08(Li et al. 2008) and P-LLNL (Simmons et al. 2012??? in press)
#depth in m, v_p in m/s
2795545.000000 13718.293218
2781909.000000 13676.263622
2768273.000000 13659.012872
2754636.000000 13660.519684
2741000.000000 13661.921633
2740999.990000 13661.921630
2728208.000000 13654.774187
2715416.000000 13641.100406
2702623.000000 13623.059190
2689831.000000 13602.813922
2677039.000000 13582.523754
2664247.000000 13563.900509
2651455.000000 13546.985422
2638662.000000 13531.429747
2625870.000000 13516.888319
2613078.000000 13503.012302
2600286.000000 13489.454122
2587494.000000 13475.866205
2574701.000000 13461.900728
2561909.000000 13447.351441
2549117.000000 13432.297646
2536325.000000 13416.855907
2523532.000000 13401.141548
2510740.000000 13385.273596
2497948.000000 13369.367392
2485156.000000 13353.539497
2472364.000000 13337.904500
2459571.000000 13322.508995
2446779.000000 13307.321754
2433987.000000 13292.303000
2421195.000000 13277.414169
2408403.000000 13262.616694
2395610.000000 13247.870859
2382818.000000 13233.140402
2370026.000000 13218.387961
2357234.000000 13203.609251
2344442.000000 13188.822960
2331649.000000 13174.047125
2318857.000000 13159.303247
2306065.000000 13144.609363
2293273.000000 13129.984664
2280481.000000 13115.448341
2267688.000000 13101.013274
2254896.000000 13086.660618
2242104.000000 13072.353586
2229312.000000 13058.056475
2216519.000000 13043.732463
2203727.000000 13029.348086
2190935.000000 13014.866522
2178143.000000 13000.252072
2165351.000000 12985.483406
2152558.000000 12970.590534
2139766.000000 12955.618950
2126974.000000 12940.610661
2114182.000000 12925.608829
2101390.000000 12910.656620
2088597.000000 12895.796042
2075805.000000 12881.072403
2063013.000000 12866.501616
2050221.000000 12852.048099
2037429.000000 12837.669873
2024636.000000 12823.323841
2011844.000000 12808.970267
1999052.000000 12794.566052
1986260.000000 12780.069220
1973468.000000 12765.438633
1960675.000000 12750.658450
1947883.000000 12735.747487
1935091.000000 12720.722890
1922299.000000 12705.602957
1909506.000000 12690.404791
1896714.000000 12675.149067
1883922.000000 12659.852895
1871130.000000 12644.533550
1858338.000000 12629.195262
1845545.000000 12613.832051
1832753.000000 12598.441363
1819961.000000 12583.017042
1807169.000000 12567.554132
1794377.000000 12552.047678
1781584.000000 12536.491503
1768792.000000 12520.883869
1756000.000000 12505.224396
1743208.000000 12489.515894
1730416.000000 12473.761177
1717623.000000 12457.961820
1704831.000000 12442.123108
1692039.000000 12426.246621
1679247.000000 12410.335172
1666455.000000 12394.389728
1653662.000000 12378.403648
1640870.000000 12362.372679
1628078.000000 12346.288818
1615286.000000 12330.145314
1602494.000000 12313.935412
1589701.000000 12297.651085
1576909.000000 12281.288130
1564117.000000 12264.839324
1551325.000000 12248.300225
1538532.000000 12231.665259
1525740.000000 12214.932755
1512948.000000 12198.097146
1500156.000000 12181.154162
1487364.000000 12164.099531
1474571.000000 12146.927806
1461779.000000 12129.642255
1448987.000000 12112.247310
1436195.000000 12094.749010
1423403.000000 12077.153391
1410610.000000 12059.465106
1397818.000000 12041.692958
1385026.000000 12023.841606
1372234.000000 12005.916515
1359442.000000 11987.916502
1346649.000000 11969.834685
1333857.000000 11951.668355
1321065.000000 11933.410563
1308273.000000 11915.055774
1295481.000000 11896.598450
1282688.000000 11878.031600
1269896.000000 11859.353438
1257104.000000 11840.562816
1244312.000000 11821.661847
1231519.000000 11802.651158
1218727.000000 11783.535835
1205935.000000 11764.316513
1193143.000000 11744.995307
1180351.000000 11725.574333
1167558.000000 11706.052605
1154766.000000 11686.428762
1141974.000000 11666.695898
1129182.000000 11646.848625
1116390.000000 11626.881558
1103597.000000 11606.787735
1090805.000000 11586.564912
1078013.000000 11566.206105
1065221.000000 11545.703276
1052429.000000 11525.043770
1039636.000000 11504.212828
1026844.000000 11483.200580
1014052.000000 11461.992283
1001260.000000 11440.574813
