#Mean 1D shear velocities in the 'slow' region of the lower mantle from Lekic et al. 2012
#Models include S362ANI(Kustowski et al. 2008), S40RTS(Ritsema et al. 2011), SAW24B16(Megnin and Romanowicz, 2000), GyPSuM (Simmons et al. 2010), HMSL-S (Houser et al. 2008)
#depth in m, v_p in m/s
2795545.000000 7170.655389
2781909.000000 7173.180179
2768273.000000 7173.825632
2754636.000000 7172.894154
2741000.000000 7170.688426
2740999.990000 7170.688424
2728208.000000 7167.730165
2715416.000000 7164.166489
2702623.000000 7160.246839
2689831.000000 7156.202396
2677039.000000 7152.119150
2664247.000000 7148.017809
2651455.000000 7143.918751
2638662.000000 7139.838103
2625870.000000 7135.770771
2613078.000000 7131.702933
2600286.000000 7127.621080
2587494.000000 7123.516873
2574701.000000 7119.403776
2561909.000000 7115.302130
2549117.000000 7111.231308
2536325.000000 7107.200785
2523532.000000 7103.186450
2510740.000000 7099.158376
2497948.000000 7095.085714
2485156.000000 7090.945319
2472364.000000 7086.732481
2459571.000000 7082.444980
2446779.000000 7078.081659
2433987.000000 7073.646837
2421195.000000 7069.157687
2408403.000000 7064.632811
2395610.000000 7060.090322
2382818.000000 7055.541882
2370026.000000 7050.986733
2357234.000000 7046.423533
2344442.000000 7041.850726
2331649.000000 7037.259599
2318857.000000 7032.634448
2306065.000000 7027.958029
2293273.000000 7023.214200
2280481.000000 7018.402108
2267688.000000 7013.534806
2254896.000000 7008.627036
2242104.000000 7003.691911
2229312.000000 6998.736036
2216519.000000 6993.760564
2203727.000000 6988.767700
2190935.000000 6983.757053
2178143.000000 6978.714351
2165351.000000 6973.617091
2152558.000000 6968.442263
2139766.000000 6963.173677
2126974.000000 6957.835323
2114182.000000 6952.470147
2101390.000000 6947.121179
2088597.000000 6941.821454
2075805.000000 6936.552018
2063013.000000 6931.274299
2050221.000000 6925.950127
2037429.000000 6920.551133
2024636.000000 6915.089815
2011844.000000 6909.590831
1999052.000000 6904.077554
1986260.000000 6898.565912
1973468.000000 6893.046593
1960675.000000 6887.504801
1947883.000000 6881.927060
1935091.000000 6876.304787
1922299.000000 6870.645068
1909506.000000 6864.956839
1896714.000000 6859.250341
1883922.000000 6853.530629
1871130.000000 6847.795861
1858338.000000 6842.043372
1845545.000000 6836.270034
1832753.000000 6830.473465
1819961.000000 6824.649025
1807169.000000 6818.792450
1794377.000000 6812.899582
1781584.000000 6806.969090
1768792.000000 6801.004891
1756000.000000 6795.009729
1743208.000000 6788.986665
1730416.000000 6782.935843
1717623.000000 6776.854235
1704831.000000 6770.740141
1692039.000000 6764.590689
1679247.000000 6758.406970
1666455.000000 6752.192602
1653662.000000 6745.950773
1640870.000000 6739.686475
1628078.000000 6733.406574
1615286.000000 6727.120319
1602494.000000 6720.836985
1589701.000000 6714.562995
1576909.000000 6708.289102
1564117.000000 6701.997011
1551325.000000 6695.668885
1538532.000000 6689.289306
1525740.000000 6682.860324
1512948.000000 6676.387923
1500156.000000 6669.878589
1487364.000000 6663.335968
1474571.000000 6656.751402
1461779.000000 6650.114722
1448987.000000 6643.414219
1436195.000000 6636.642542
1423403.000000 6629.804484
1410610.000000 6622.906690
1397818.000000 6615.957423
1385026.000000 6608.963002
1372234.000000 6601.929481
1359442.000000 6594.862796
1346649.000000 6587.768280
1333857.000000 6580.647652
1321065.000000 6573.491046
1308273.000000 6566.288057
1295481.000000 6559.028445
1282688.000000 6551.710037
1269896.000000 6544.345077
1257104.000000 6536.945113
1244312.000000 6529.521848
1231519.000000 6522.073936
1218727.000000 6514.587369
1205935.000000 6507.045593
1193143.000000 6499.433416
1180351.000000 6491.750884
1167558.000000 6484.011309
1154766.000000 6476.230325
1141974.000000 6468.420636
1129182.000000 6460.580541
1116390.000000 6452.697594
1103597.000000 6444.758488
1090805.000000 6436.753893
1078013.000000 6428.693020
1065221.000000 6420.597139
1052429.000000 6412.487645
1039636.000000 6404.385303
1026844.000000 6396.312775
1014052.000000 6388.290824
1001260.000000 6380.340846
