#Mean 1D shear velocities in the 'fast' region of the lower mantle from Lekic et al. 2012
#Models include S362ANI(Kustowski et al. 2008), S40RTS(Ritsema et al. 2011), SAW24B16(Megnin and Romanowicz, 2000), GyPSuM (Simmons et al. 2010), HMSL-S (Houser et al. 2008)
#depth in m, v_s in m/s
2795545.000000 7296.586740
2781909.000000 7296.872887
2768273.000000 7295.242210
2754636.000000 7291.985012
2741000.000000 7287.392383
2740999.990000 7287.392379
2728208.000000 7282.128565
2715416.000000 7276.184992
2702623.000000 7269.801062
2689831.000000 7263.202134
2677039.000000 7256.495187
2664247.000000 7249.734553
2651455.000000 7242.974296
2638662.000000 7236.261898
2625870.000000 7229.612223
2613078.000000 7223.026582
2600286.000000 7216.506797
2587494.000000 7210.053721
2574701.000000 7203.663543
2561909.000000 7197.332833
2549117.000000 7191.056662
2536325.000000 7184.829925
2523532.000000 7178.644826
2510740.000000 7172.494570
2497948.000000 7166.370924
2485156.000000 7160.270879
2472364.000000 7154.203261
2459571.000000 7148.178237
2446779.000000 7142.207357
2433987.000000 7136.296941
2421195.000000 7130.446406
2408403.000000 7124.654331
2395610.000000 7118.918733
2382818.000000 7113.232587
2370026.000000 7107.577888
2357234.000000 7101.936279
2344442.000000 7096.289643
2331649.000000 7090.627056
2318857.000000 7084.947984
2306065.000000 7079.251093
2293273.000000 7073.535676
2280481.000000 7067.804786
2267688.000000 7062.064544
2254896.000000 7056.322554
2242104.000000 7050.584928
2229312.000000 7044.856224
2216519.000000 7039.139082
2203727.000000 7033.437445
2190935.000000 7027.752783
2178143.000000 7022.075660
2165351.000000 7016.390096
2152558.000000 7010.679584
2139766.000000 7004.932125
2126974.000000 6999.157790
2114182.000000 6993.377585
2101390.000000 6987.612565
2088597.000000 6981.877876
2075805.000000 6976.159671
2063013.000000 6970.432285
2050221.000000 6964.670495
2037429.000000 6958.854949
2024636.000000 6952.990584
2011844.000000 6947.090226
1999052.000000 6941.165328
1986260.000000 6935.224595
1973468.000000 6929.266458
1960675.000000 6923.286825
1947883.000000 6917.283013
1935091.000000 6911.253266
1922299.000000 6905.202015
1909506.000000 6899.134083
1896714.000000 6893.055677
1883922.000000 6886.967183
1871130.000000 6880.861085
1858338.000000 6874.728925
1845545.000000 6868.561789
1832753.000000 6862.353667
1819961.000000 6856.099284
1807169.000000 6849.794019
1794377.000000 6843.433409
1781584.000000 6837.017381
1768792.000000 6830.553103
1756000.000000 6824.046563
1743208.000000 6817.504350
1730416.000000 6810.935062
1717623.000000 6804.348636
1704831.000000 6797.756621
1692039.000000 6791.168145
1679247.000000 6784.580780
1666455.000000 6777.983345
1653662.000000 6771.363938
1640870.000000 6764.713629
1628078.000000 6758.035841
1615286.000000 6751.342423
1602494.000000 6744.645316
1589701.000000 6737.954081
1576909.000000 6731.266378
1564117.000000 6724.572340
1551325.000000 6717.862598
1538532.000000 6711.128680
1525740.000000 6704.371478
1512948.000000 6697.592955
1500156.000000 6690.795598
1487364.000000 6683.980464
1474571.000000 6677.142117
1461779.000000 6670.275184
1448987.000000 6663.372691
1436195.000000 6656.429819
1423403.000000 6649.446879
1410610.000000 6642.424642
1397818.000000 6635.365527
1385026.000000 6628.270105
1372234.000000 6621.139007
1359442.000000 6613.972790
1346649.000000 6606.771422
1333857.000000 6599.533631
1321065.000000 6592.250950
1308273.000000 6584.914868
1295481.000000 6577.517028
1282688.000000 6570.056467
1269896.000000 6562.545710
1257104.000000 6554.996471
1244312.000000 6547.420608
1231519.000000 6539.816105
1218727.000000 6532.167387
1205935.000000 6524.456247
1193143.000000 6516.665928
1180351.000000 6508.796462
1167558.000000 6500.862537
1154766.000000 6492.881262
1141974.000000 6484.866839
1129182.000000 6476.820000
1116390.000000 6468.731384
1103597.000000 6460.590774
1090805.000000 6452.391239
1078013.000000 6444.137233
1065221.000000 6435.841297
1052429.000000 6427.516054
1039636.000000 6419.173476
1026844.000000 6410.827491
1014052.000000 6402.490071
1001260.000000 6394.173840
