 8    don't fiddle with the numbers: you'll BREAK the dataset...
  
4
      Mo   1 15   1.0000  0
             0.00   0.02859    0.9391
         0.0339    0.000006276   38.8597   -0.012
         0.0000144   2608.0      4.46   -0.00171    0
    MoO2   1 15   1.0000  10	2.0000 0
         -591.500   0.050016   1.9799
         0.0561    0.000025590   -0.0176   0.0189
         0.0000440   1800.0     4.05   -0.00225    0
      Re   1 15   1.0000  0
             0.00   0.03653   0.8862
         0.0237    0.000005448     0.068    0.00
         0.0000190   3600.0     4.05   -0.00110    0
    ReO2   1 15   1.0000  10   2.0000  0
         -445.140   0.04782   1.8779
         0.07689   0.00000993   -1207.13   -0.208
         0.0000440   1800.0     4.05   -0.00225    0
    ReO3   1 15   1.0000  10   3.0000  0
         -589.107   0.06926   3.3844
         0.1521    -0.00000322  -191.287   -1.288
         0.0000440   1800.0     4.05   -0.00225    0
   Re2O7   1 15   2.0000  10   7.0000  0
    	 -1263.150  0.20728   7.9372
         0.303     0.00000000    284.633   -2.430
         0.0000440   1800.0     4.05   -0.00225    0
      Pt   1 15   1.0000  0
             0.00   0.04153   0.9107
         23.5192   0.00628644   0.0000    0.0000
         0.0000264   2777.15     4.82   -0.00138    0
    PtO2   1 15   1.0000  10	2.0000 0
            171.5   0.0   1.9244
         0.000000   0.000000   0.000000   0.000000 
         0.0000144   2460.00     4.00   -0.00163    0
