|6.6.6
in23_1.tab                                                                                          
           2
P(bar)  
   1.0000000000000000     
   14999.990000000000     
         101
T(K)    
   1600.0000000000000     
   50.000000000000000     
           3
          12
rho,kg/m3      alpha,1/K      beta,1/bar     Ks,bar         Gs,bar         v0,km/s        vp,km/s        vs,km/s        s,J/K/kg       h,J/kg         cp,J/K/kg      V,J/bar/mol   
  3146.881      0.4303163E-04  0.1200158E-05   906564.7       307152.6       5.367342       6.467025       3.124187       2534.384     -0.1191510E+08   1252.900       161.0813    
  3246.925      0.3937985E-04  0.1061164E-05   1009816.       615189.4       5.576798       7.507538       4.352796       2521.225     -0.1146867E+08   1242.623       156.1181    
  3317.345      0.3452686E-04  0.9248288E-06   1150542.       651742.7       5.889194       7.802433       4.432439       2496.011     -0.1105188E+08   1232.249       152.8041    
  3368.385      0.3136526E-04  0.8456118E-06   1249164.       678402.0       6.089742       7.996165       4.487792       2478.326     -0.1063178E+08   1224.922       150.4887    
  3409.925      0.2890255E-04  0.7902805E-06   1327931.       699790.4       6.240441       8.142849       4.530139       2465.006     -0.1021053E+08   1218.915       148.6554    
  3457.228      0.2692361E-04  0.7360411E-06   1420625.       725650.2       6.410261       8.311273       4.581415       2448.900      -9800492.       1214.498       146.6214    
  3496.114      0.2522334E-04  0.6958848E-06   1496738.       746426.8       6.543049       8.442654       4.620626       2437.257      -9387699.       1210.447       144.9906    
  3542.595      0.2570722E-04  0.6571170E-06   1588575.       787082.0       6.696427       8.629351       4.713562       2422.834      -8984682.       1213.377       143.0883    
  3586.013      0.2416487E-04  0.6229348E-06   1671060.       810596.7       6.826375       8.760057       4.754409       2414.499      -8576856.       1209.463       141.3558    
  3734.576      0.2415763E-04  0.5324380E-06   1961018.       970420.1       7.246364       9.335745       5.097524       2385.184      -8209987.       1213.898       135.7326    
  3791.485      0.2249051E-04  0.5001911E-06   2075764.       1005269.       7.399192       9.492094       5.149160       2382.198      -7816411.       1209.227       133.6953    
  3831.800      0.2160004E-04  0.4782998E-06   2164324.       1041974.       7.515532       9.630176       5.214671       2375.174      -7434355.       1206.812       132.2887    
  3904.553      0.1916200E-04  0.4449436E-06   2314107.       1119102.       7.698499       9.873305       5.353639       2349.669      -7086948.       1198.882       129.8237    
  3992.291      0.1942375E-04  0.4163060E-06   2489670.       1254807.       7.896957       10.21125       5.606314       2301.940      -6780557.       1201.526       126.9706    
  4016.979      0.1882998E-04  0.4057659E-06   2550615.       1272372.       7.968429       10.28246       5.628042       2294.777      -6417454.       1199.745       126.1903    
  4057.733      0.1830381E-04  0.3890436E-06   2654875.       1283720.       8.088730       10.37350       5.624624       2285.532      -6060589.       1198.602       124.9229    
  4333.950      0.2435864E-04  0.3594619E-06   2957320.       1586611.       8.260517       10.81887       6.050529       2289.316      -5692390.       1227.086       116.9612    
  4365.248      0.2399156E-04  0.3502875E-06   3031323.       1624359.       8.333197       10.91133       6.100095       2280.142      -5362303.       1225.796       116.1226    
  4388.004      0.2349472E-04  0.3430499E-06   3090355.       1647446.       8.392100       10.97663       6.127341       2272.005      -5032594.       1223.902       115.5203    
  4464.808      0.2397370E-04  0.3259527E-06   3257059.       1779365.       8.541053       11.22885       6.312931       2257.778      -4719454.       1226.151       113.5332    
  4486.544      0.2351672E-04  0.3197323E-06   3315673.       1803278.       8.596663       11.29129       6.339797       2249.589      -4397413.       1224.339       112.9831    
  4508.440      0.2310535E-04  0.3137766E-06   3374268.       1827028.       8.651205       11.35236       6.365894       2243.602      -4073503.       1222.728       112.4344    
  4529.999      0.2270867E-04  0.3080760E-06   3432522.       1850512.       8.704776       11.41227       6.391413       2237.395      -3751490.       1221.164       111.8993    
  4550.793      0.2230719E-04  0.3026044E-06   3490246.       1873562.       8.757587       11.47121       6.416386       2229.959      -3433020.       1219.561       111.3880    
  4571.315      0.2192224E-04  0.2973481E-06   3547741.       1896370.       8.809583       11.52913       6.440816       2222.687      -3115786.       1218.022       110.8879    
  4592.000      0.2157208E-04  0.2923060E-06   3605131.       1919056.       8.860528       11.58580       6.464618       2217.019      -2797447.       1216.628       110.3885    
  4611.926      0.2121252E-04  0.2874417E-06   3662148.       1941376.       8.911007       11.64183       6.488042       2209.619      -2483345.       1215.178       109.9115    
  4632.751      0.2089201E-04  0.2828509E-06   3717623.       1961364.       8.958045       11.69170       6.506683       2202.389      -2170410.       1213.883       109.4175    
  4652.289      0.2056341E-04  0.2783354E-06   3774209.       1983283.       9.006989       11.74590       6.529185       2195.692      -1858025.       1212.555       108.9579    
  4671.519      0.2025032E-04  0.2739604E-06   3830970.       2005557.       9.055768       11.80038       6.552219       2190.018      -1545346.       1211.292       108.5094    
  4690.658      0.1994296E-04  0.2697643E-06   3886955.       2026735.       9.103069       11.85227       6.573272       2183.034      -1236091.       1210.038       108.0667    
  4709.533      0.1964838E-04  0.2656989E-06   3942992.       2048054.       9.150062       11.90407       6.594499       2176.717      -927056.9       1208.837       107.6336    
  4728.200      0.1936391E-04  0.2617679E-06   3998858.       2069184.       9.196447       11.95512       6.615333       2170.517      -619105.2       1207.673       107.2086    
  4746.715      0.1908732E-04  0.2579741E-06   4054337.       2089846.       9.241945       12.00485       6.635300       2163.934      -313021.3       1206.535       106.7904    
  4764.986      0.1882154E-04  0.2542911E-06   4109873.       2110616.       9.287170       12.05448       6.655394       2157.956      -7185.995       1205.441       106.3810    
  4783.127      0.1856246E-04  0.2507354E-06   4164991.       2130897.       9.331492       12.10277       6.674601       2151.511       296690.7       1204.367       105.9775    
  4801.025      0.1831349E-04  0.2472766E-06   4220215.       2151325.       9.375627       12.15108       6.694006       2145.740       600472.7       1203.335       105.5824    
  4818.744      0.1807228E-04  0.2439218E-06   4275292.       2171588.       9.419243       12.19875       6.713080       2140.067       903252.3       1202.332       105.1942    
  4836.344      0.1783692E-04  0.2406768E-06   4329983.       2191426.       9.462035       12.24523       6.731391       2133.977       1204216.       1201.347       104.8114    
  4853.720      0.1761016E-04  0.2375158E-06   4384775.       2211371.       9.504654       12.29169       6.749840       2128.490       1505031.       1200.398       104.4361    
  4870.993      0.1738858E-04  0.2344555E-06   4439166.       2230891.       9.546451       12.33697       6.767534       2122.532       1803984.       1199.464       104.0658    
  4888.043      0.1717494E-04  0.2314710E-06   4493689.       2250535.       9.588131       12.38229       6.785399       2117.220       2102891.       1198.563       103.7028    
  4904.937      0.1696740E-04  0.2285691E-06   4548083.       2270032.       9.629361       12.42707       6.802981       2111.990       2400865.       1197.683       103.3456    
  4921.740      0.1676427E-04  0.2257592E-06   4602071.       2289157.       9.669796       12.47076       6.819907       2106.336       2697100.       1196.815       102.9928    
  4938.333      0.1656816E-04  0.2230119E-06   4656213.       2308370.       9.710156       12.51449       6.836952       2101.265       2993243.       1195.978       102.6467    
  4954.780      0.1637739E-04  0.2203370E-06   4710236.       2327445.       9.750102       12.55771       6.853738       2096.270       3288492.       1195.161       102.3060    
  4971.155      0.1619037E-04  0.2177440E-06   4763840.       2346155.       9.789261       12.59987       6.869889       2090.800       3581966.       1194.353       101.9690    
  4987.323      0.1600962E-04  0.2152053E-06   4817630.       2364965.       9.828404       12.64213       6.886183       2085.950       3875456.       1193.572       101.6384    
  5003.429      0.1583228E-04  0.2127433E-06   4870992.       2383431.       9.866766       12.68336       6.901880       2080.614       4167186.       1192.799       101.3113    
  5019.330      0.1566076E-04  0.2103301E-06   4924559.       2401985.       9.905145       12.72471       6.917709       2075.901       4458963.       1192.052       100.9903    
  5035.101      0.1549355E-04  0.2079760E-06   4978021.       2420415.       9.943156       12.76561       6.933313       2071.253       4749902.       1191.320       100.6740    
  5050.825      0.1532927E-04  0.2056923E-06   5031031.       2438521.       9.980386       12.80551       6.948356       2066.098       5039086.       1190.595       100.3606    
  5066.348      0.1517023E-04  0.2034499E-06   5084284.       2456709.       10.01769       12.84556       6.963529       2061.576       5328376.       1189.893       100.0531    
  5081.825      0.1501400E-04  0.2012726E-06   5137107.       2474624.       10.05424       12.88469       6.978222       2056.596       5616020.       1189.197       99.74838    
  5097.108      0.1486251E-04  0.1991337E-06   5190160.       2492580.       10.09087       12.92393       6.992986       2052.194       5903702.       1188.523       99.44929    
  5112.276      0.1471457E-04  0.1970438E-06   5243119.       2510422.       10.12716       12.96278       7.007551       2047.848       6190596.       1187.862       99.15424    
  5127.415      0.1456905E-04  0.1950172E-06   5295578.       2527989.       10.16266       13.00068       7.021638       2043.036       6475863.       1187.203       98.86148    
  5142.358      0.1442787E-04  0.1930201E-06   5348347.       2545609.       10.19832       13.03877       7.035820       2038.801       6761206.       1186.566       98.57419    
  5157.284      0.1428889E-04  0.1910800E-06   5400639.       2562995.       10.23321       13.07596       7.049582       2034.034       7044843.       1185.933       98.28890    
  5172.013      0.1415398E-04  0.1891694E-06   5453228.       2580402.       10.26826       13.11333       7.063402       2029.904       7328670.       1185.319       98.00900    
  5186.636      0.1402203E-04  0.1872998E-06   5505730.       2597704.       10.30302       13.15035       7.077045       2025.824       7611755.       1184.715       97.73266    
  5201.253      0.1389207E-04  0.1854843E-06   5557726.       2614797.       10.33700       13.18649       7.090307       2021.233       7893196.       1184.114       97.45802    
  5215.674      0.1376577E-04  0.1836928E-06   5610057.       2631896.       10.37119       13.22283       7.103611       2017.250       8174816.       1183.531       97.18855    
  5230.101      0.1364129E-04  0.1819542E-06   5661834.       2648794.       10.40456       13.25827       7.116542       2012.727       8454768.       1182.949       96.92046    
  5244.327      0.1352026E-04  0.1802358E-06   5713999.       2665695.       10.43819       13.29395       7.129520       2008.837       8734956.       1182.386       96.65754    
  5258.458      0.1340173E-04  0.1785522E-06   5766086.       2682499.       10.47156       13.32933       7.142341       2004.992       9014442.       1181.831       96.39780    
  5272.602      0.1328491E-04  0.1769184E-06   5817602.       2699136.       10.50412       13.36383       7.154839       2000.639       9292339.       1181.276       96.13921    
  5286.549      0.1317116E-04  0.1753012E-06   5869532.       2715750.       10.53697       13.39859       7.167353       1996.881       9570439.       1180.739       95.88558    
  5300.405      0.1305968E-04  0.1737157E-06   5921387.       2732272.       10.56957       13.43305       7.179719       1993.165       9847860.       1180.209       95.63492    
  5314.296      0.1294966E-04  0.1721779E-06   5972611.       2748640.       10.60130       13.46662       7.191774       1988.864      0.1012359E+08   1179.679       95.38493    
  5327.978      0.1284252E-04  0.1706528E-06   6024316.       2764980.       10.63341       13.50050       7.203853       1985.229      0.1039967E+08   1179.165       95.14000    
  5341.696      0.1273684E-04  0.1691735E-06   6075391.       2781203.       10.66467       13.53353       7.215672       1981.052      0.1067415E+08   1178.651       94.89566    
  5355.319      0.1263312E-04  0.1677185E-06   6126479.       2797289.       10.69579       13.56632       7.227298       1976.902      0.1094796E+08   1178.146       94.65426    
  5399.546      0.1384660E-04  0.1705996E-06   6046652.       2881854.       10.58227       13.53319       7.305625       1958.409      0.1119792E+08   1182.543       93.87896    
  5443.056      0.1497370E-04  0.1731445E-06   5975117.       2969177.       10.47736       13.50956       7.385785       1941.367      0.1144682E+08   1186.521       93.12853    
  5457.337      0.1485303E-04  0.1716658E-06   6024604.       2989197.       10.50688       13.54350       7.400940       1937.801      0.1171633E+08   1185.866       92.88482    
  5471.902      0.1473659E-04  0.1702542E-06   6072727.       3008861.       10.53471       13.57560       7.415354       1934.420      0.1198543E+08   1185.218       92.63759    
  5485.835      0.1461847E-04  0.1688197E-06   6122330.       3028977.       10.56421       13.60963       7.430647       1930.402      0.1225278E+08   1184.572       92.40231    
  5499.686      0.1450252E-04  0.1674109E-06   6171873.       3049023.       10.59350       13.64339       7.445800       1926.426      0.1251950E+08   1183.936       92.16959    
  5514.046      0.1439257E-04  0.1660781E-06   6219663.       3068346.       10.62058       13.67448       7.459625       1923.119      0.1278660E+08   1183.314       91.92956    
  5527.743      0.1428073E-04  0.1647186E-06   6269066.       3088236.       10.64946       13.70772       7.474487       1919.224      0.1305206E+08   1182.694       91.70177    
  5542.035      0.1417540E-04  0.1634369E-06   6316562.       3107239.       10.67593       13.73795       7.487774       1916.109      0.1331811E+08   1182.091       91.46528    
  5555.583      0.1406745E-04  0.1621241E-06   6365826.       3126977.       10.70441       13.77067       7.502353       1912.292      0.1358233E+08   1181.487       91.24222    
  5569.056      0.1396139E-04  0.1608339E-06   6415033.       3146648.       10.73269       13.80316       7.516804       1908.513      0.1384595E+08   1180.891       91.02149    
  5583.158      0.1386165E-04  0.1596198E-06   6462234.       3165316.       10.75849       13.83247       7.529542       1905.452      0.1411007E+08   1180.311       90.79159    
  5596.489      0.1375916E-04  0.1583725E-06   6511308.       3184838.       10.78639       13.86446       7.543725       1901.747      0.1437248E+08   1179.730       90.57532    
  5609.748      0.1365841E-04  0.1571460E-06   6560328.       3204295.       10.81412       13.89623       7.557785       1898.077      0.1463432E+08   1179.156       90.36124    
  5623.726      0.1356438E-04  0.1559961E-06   6607186.       3222558.       10.83917       13.92449       7.569868       1895.221      0.1489679E+08   1178.599       90.13663    
  5636.851      0.1346693E-04  0.1548093E-06   6656076.       3241871.       10.86653       13.95580       7.583673       1891.620      0.1515745E+08   1178.039       89.92677    
  5650.774      0.1337666E-04  0.1536999E-06   6702688.       3259814.       10.89107       13.98330       7.595257       1888.922      0.1541892E+08   1177.499       89.70520    
  5663.768      0.1328234E-04  0.1525508E-06   6751450.       3278986.       10.91807       14.01415       7.608816       1885.388      0.1567841E+08   1176.951       89.49939    
  5676.694      0.1318954E-04  0.1514201E-06   6800160.       3298096.       10.94490       14.04479       7.622263       1881.887      0.1593735E+08   1176.410       89.29559    
  5690.474      0.1310400E-04  0.1503652E-06   6846506.       3315687.       10.96883       14.07142       7.633304       1879.293      0.1619711E+08   1175.890       89.07936    
  5703.276      0.1301410E-04  0.1492695E-06   6895092.       3334661.       10.99532       14.10163       7.646516       1875.855      0.1645491E+08   1175.360       88.87940    
  5717.017      0.1293210E-04  0.1482487E-06   6941271.       3351973.       11.01881       14.12762       7.657121       1873.484      0.1671383E+08   1174.857       88.66578    
  5729.698      0.1284495E-04  0.1471863E-06   6989737.       3370814.       11.04497       14.15740       7.670108       1870.107      0.1697051E+08   1174.339       88.46954    
  5742.317      0.1275914E-04  0.1461401E-06   7038154.       3389596.       11.07097       14.18700       7.682992       1866.759      0.1722666E+08   1173.826       88.27513    
  5755.961      0.1268159E-04  0.1451685E-06   7084042.       3406504.       11.09383       14.21206       7.692996       1864.548      0.1748403E+08   1173.342       88.06588    
  5768.464      0.1259833E-04  0.1441534E-06   7132341.       3425158.       11.11952       14.24126       7.705667       1861.258      0.1773908E+08   1172.840       87.87499    
  5782.077      0.1252395E-04  0.1432116E-06   7178083.       3441795.       11.14198       14.26572       7.715260       1859.250      0.1799563E+08   1172.372       87.66811    
  5794.469      0.1244312E-04  0.1422260E-06   7226265.       3460326.       11.16735       14.29452       7.727726       1856.015      0.1824960E+08   1171.879       87.48063    
  3140.832      0.4438319E-04  0.1231698E-05   889035.2       300783.5       5.320312       6.408936       3.094601       2574.641     -0.1184969E+08   1259.388       161.3916    
  3240.235      0.4016724E-04  0.1078757E-05   997285.4       608078.3       5.547809       7.469951       4.332031       2560.026     -0.1140562E+08   1247.678       156.4404    
  3308.443      0.3513880E-04  0.9415886E-06   1132721.       643129.8       5.851262       7.756030       4.408973       2535.781     -0.1098722E+08   1236.408       153.2152    
  3363.072      0.3178796E-04  0.8547814E-06   1238825.       671661.9       6.069278       7.966495       4.468969       2516.075     -0.1057044E+08   1228.584       150.7264    
  3404.972      0.2925088E-04  0.7978615E-06   1318068.       693143.0       6.221746       8.114956       4.511850       2502.564     -0.1014950E+08   1222.223       148.8717    
  3452.552      0.2721327E-04  0.7422954E-06   1411250.       719075.7       6.393399       8.285250       4.563701       2486.319      -9739690.       1217.552       146.8200    
  3493.764      0.2549958E-04  0.6997032E-06   1491441.       741437.7       6.533657       8.425220       4.606707       2475.247      -9325939.       1213.439       145.0882    
  3538.373      0.2588729E-04  0.6614219E-06   1580729.       780352.9       6.683854       8.606930       4.696169       2460.892      -8922842.       1216.173       143.2590    
  3582.597      0.2431319E-04  0.6263746E-06   1664294.       804182.1       6.815788       8.739804       4.737816       2452.303      -8515398.       1212.086       141.4906    
  3732.932      0.2423862E-04  0.5342410E-06   1956803.       964062.1       7.240165       9.319575       5.081916       2423.674      -8147454.       1216.618       135.7924    
  3784.035      0.2268078E-04  0.5047666E-06   2060544.       993989.1       7.379269       9.459258       5.125228       2419.293      -7756061.       1212.105       133.9585    
  3827.619      0.2175366E-04  0.4809088E-06   2155558.       1034675.       7.504392       9.610323       5.199213       2412.457      -7373776.       1209.580       132.4332    
  3886.631      0.1981408E-04  0.4528757E-06   2279435.       1094090.       7.658205       9.807219       5.305666       2391.945      -7017986.       1203.224       130.4224    
  3982.842      0.1950836E-04  0.4200409E-06   2469046.       1234279.       7.873505       10.16425       5.566857       2344.117      -6712632.       1204.048       127.2719    
  4007.689      0.1890761E-04  0.4092939E-06   2530102.       1251832.       7.945515       10.23616       5.588895       2336.906      -6349088.       1202.221       126.4828    
  4049.376      0.1840084E-04  0.3923890E-06   2634591.       1268225.       8.066081       10.33539       5.596341       2325.970      -5994738.       1201.131       125.1807    
  4327.292      0.2448633E-04  0.3615064E-06   2946156.       1573873.       8.251250       10.79711       6.030826       2327.916      -5629672.       1230.783       117.1411    
  4359.657      0.2413361E-04  0.3520427E-06   3022013.       1613342.       8.325725       10.89308       6.083269       2318.642      -5299742.       1229.559       116.2715    
  4382.497      0.2363035E-04  0.3447179E-06   3081137.       1636508.       8.384839       10.95878       6.110804       2310.448      -4970100.       1227.605       115.6655    
  4459.682      0.2413110E-04  0.3275236E-06   3248139.       1768053.       8.534250       11.21132       6.296449       2296.699      -4656230.       1230.107       113.6637    
  4481.732      0.2368173E-04  0.3212321E-06   3306958.       1792109.       8.589965       11.27402       6.323526       2289.565      -4332506.       1228.309       113.1044    
  4503.220      0.2323812E-04  0.3152128E-06   3365347.       1815845.       8.644768       11.33562       6.350059       2281.286      -4012271.       1226.513       112.5647    
  4524.844      0.2283666E-04  0.3094509E-06   3423677.       1839412.       8.698504       11.39587       6.375844       2275.030      -3690338.       1224.905       112.0268    
  4545.706      0.2243061E-04  0.3039218E-06   3481468.       1862540.       8.751461       11.45511       6.401064       2267.544      -3371949.       1223.260       111.5127    
  4566.294      0.2204140E-04  0.2986117E-06   3539027.       1885424.       8.803594       11.51332       6.425731       2260.224      -3054793.       1221.679       111.0099    
  4587.036      0.2168734E-04  0.2935198E-06   3596482.       1908185.       8.854680       11.57028       6.449768       2254.513      -2736524.       1220.250       110.5079    
  4607.455      0.2134581E-04  0.2886196E-06   3653643.       1930696.       8.904971       11.62627       6.473310       2249.004      -2419352.       1218.871       110.0182    
  4627.691      0.2100998E-04  0.2839254E-06   3710053.       1952158.       8.953811       11.67974       6.494943       2242.161      -2105806.       1217.499       109.5371    
  4647.282      0.2067780E-04  0.2793684E-06   3766706.       1974136.       9.002878       11.73418       6.517620       2235.420      -1793479.       1216.137       109.0753    
  4666.780      0.2035196E-04  0.2750018E-06   3822556.       1994966.       9.050410       11.78591       6.538214       2227.345      -1484693.       1214.788       108.6196    
  4685.972      0.2004164E-04  0.2707685E-06   3878593.       2016208.       9.097818       11.83803       6.559456       2220.322      -1175501.       1213.506       108.1747    
  4704.897      0.1974430E-04  0.2666682E-06   3934678.       2037586.       9.144912       11.89004       6.580864       2213.968      -866528.5       1212.280       107.7396    
  4723.613      0.1945722E-04  0.2627041E-06   3990590.       2058774.       9.191394       11.94130       6.601873       2207.731      -558635.6       1211.092       107.3127    
  4742.176      0.1917815E-04  0.2588789E-06   4046116.       2079492.       9.236987       11.99124       6.622010       2201.114      -252609.1       1209.932       106.8926    
  4760.493      0.1891003E-04  0.2551663E-06   4101695.       2100317.       9.282302       12.04107       6.642268       2195.102       53170.99       1208.817       106.4814    
  4778.679      0.1864870E-04  0.2515822E-06   4156857.       2120651.       9.326713       12.08956       6.661633       2188.623       356993.5       1207.723       106.0761    
  4796.620      0.1839763E-04  0.2480967E-06   4212121.       2141131.       9.370931       12.13804       6.681192       2182.820       660723.5       1206.672       105.6794    
  4814.381      0.1815442E-04  0.2447166E-06   4267237.       2161444.       9.414627       12.18589       6.700416       2177.115       963452.5       1205.652       105.2895    
  4832.023      0.1791714E-04  0.2414473E-06   4321967.       2181331.       9.457498       12.23255       6.718870       2170.995       1264366.       1204.651       104.9051    
  4849.438      0.1768857E-04  0.2382633E-06   4376795.       2201324.       9.500192       12.27918       6.737461       2165.479       1565134.       1203.686       104.5284    
  4866.750      0.1746525E-04  0.2351809E-06   4431224.       2220890.       9.542064       12.32462       6.755290       2159.492       1864039.       1202.738       104.1565    
  4883.838      0.1724996E-04  0.2321755E-06   4485780.       2240579.       9.583813       12.37010       6.773288       2154.152       2162901.       1201.823       103.7921    
  4900.769      0.1704085E-04  0.2292536E-06   4540207.       2260120.       9.625111       12.41503       6.790999       2148.895       2460831.       1200.932       103.4335    
  4917.607      0.1683620E-04  0.2264245E-06   4594230.       2279287.       9.665613       12.45887       6.808047       2143.214       2757022.       1200.052       103.0793    
  4934.235      0.1663866E-04  0.2236589E-06   4648403.       2298542.       9.706038       12.50274       6.825214       2138.117       3053123.       1199.204       102.7320    
  4950.716      0.1644651E-04  0.2209665E-06   4702457.       2317658.       9.746044       12.54611       6.842119       2133.097       3348331.       1198.376       102.3900    
  4967.124      0.1625816E-04  0.2183567E-06   4756092.       2336407.       9.785266       12.58841       6.858383       2127.602       3641764.       1197.559       102.0518    
  4983.324      0.1607615E-04  0.2158019E-06   4809911.       2355255.       9.824466       12.63080       6.874790       2122.728       3935215.       1196.769       101.7200    
  4999.461      0.1589758E-04  0.2133244E-06   4863302.       2373759.       9.862886       12.67216       6.890595       2117.367       4226906.       1195.988       101.3917    
  5015.393      0.1572490E-04  0.2108964E-06   4916897.       2392351.       9.901319       12.71363       6.906531       2112.631       4518646.       1195.233       101.0696    
  5031.194      0.1555658E-04  0.2085282E-06   4970385.       2410817.       9.939384       12.75465       6.922239       2107.961       4809548.       1194.495       100.7522    
  5046.948      0.1539121E-04  0.2062307E-06   5023423.       2428958.       9.976667       12.79467       6.937381       2102.783       5098696.       1193.763       100.4377    
  5062.499      0.1523114E-04  0.2039752E-06   5076701.       2447181.       10.01402       12.83484       6.952654       2098.240       5387951.       1193.055       100.1292    
  5078.003      0.1507390E-04  0.2017853E-06   5129550.       2465129.       10.05063       12.87409       6.967441       2093.239       5675560.       1192.354       99.82344    
  5093.314      0.1492146E-04  0.1996342E-06   5182627.       2483118.       10.08730       12.91344       6.982300       2088.815       5963208.       1191.674       99.52337    
  5108.508      0.1477260E-04  0.1975326E-06   5235609.       2500993.       10.12364       12.95240       6.996957       2084.449       6250068.       1191.008       99.22736    
  5123.674      0.1462619E-04  0.1954947E-06   5288093.       2518590.       10.15918       12.99039       7.011130       2079.617       6535302.       1190.345       98.93366    
  5138.643      0.1448415E-04  0.1934867E-06   5340884.       2536242.       10.19489       13.02859       7.025401       2075.362       6820613.       1189.704       98.64546    
  5153.594      0.1434433E-04  0.1915361E-06   5393200.       2553657.       10.22982       13.06588       7.039247       2070.576       7104219.       1189.068       98.35928    
  5168.347      0.1420863E-04  0.1896154E-06   5445809.       2571095.       10.26492       13.10335       7.053152       2066.427       7388015.       1188.451       98.07852    
  5182.994      0.1407591E-04  0.1877361E-06   5498333.       2588427.       10.29971       13.14046       7.066878       2062.328       7671069.       1187.845       97.80134    
  5197.634      0.1394520E-04  0.1859110E-06   5550350.       2605547.       10.33374       13.17670       7.080218       2057.718       7952480.       1187.241       97.52587    
  5212.078      0.1381818E-04  0.1841104E-06   5602701.       2622675.       10.36796       13.21313       7.093601       2053.718       8234071.       1186.656       97.25560    
  5226.528      0.1369299E-04  0.1823631E-06   5654499.       2639598.       10.40137       13.24866       7.106606       2049.176       8513994.       1186.072       96.98671    
  5240.776      0.1357130E-04  0.1806361E-06   5706683.       2656527.       10.43504       13.28443       7.119661       2045.269       8794154.       1185.507       96.72303    
  5254.929      0.1345212E-04  0.1789443E-06   5758789.       2673359.       10.46844       13.31989       7.132556       2041.407       9073612.       1184.951       96.46254    
  5269.094      0.1333466E-04  0.1773025E-06   5810325.       2690020.       10.50104       13.35448       7.145123       2037.037       9351482.       1184.395       96.20321    
  5283.062      0.1322030E-04  0.1756775E-06   5862272.       2706661.       10.53392       13.38932       7.157709       2033.263       9629555.       1183.857       95.94886    
  5296.938      0.1310823E-04  0.1740845E-06   5914145.       2723209.       10.56656       13.42386       7.170146       2029.530       9906949.       1183.328       95.69750    
  5310.850      0.1299763E-04  0.1725395E-06   5965388.       2739599.       10.59833       13.45751       7.182265       2025.213      0.1018266E+08   1182.797       95.44683    
  5324.551      0.1288994E-04  0.1710074E-06   6017110.       2755965.       10.63047       13.49147       7.194412       2021.562      0.1045871E+08   1182.284       95.20122    
  5338.289      0.1278371E-04  0.1695212E-06   6068203.       2772209.       10.66176       13.52457       7.206293       2017.369      0.1073316E+08   1181.769       94.95623    
  5351.732      0.1268089E-04  0.1680382E-06   6120113.       2788535.       10.69381       13.55844       7.218399       2014.367      0.1100883E+08   1181.275       94.71770    
  5365.180      0.1257925E-04  0.1665910E-06   6171623.       2804634.       10.72525       13.59157       7.230127       2010.831      0.1128292E+08   1180.784       94.48029    
  5439.282      0.1504140E-04  0.1735612E-06   5967912.       2960684.       10.47467       13.50163       7.377772       1979.319      0.1150848E+08   1190.223       93.19315    
  5453.277      0.1491577E-04  0.1720718E-06   6017399.       2981277.       10.50451       13.53652       7.393880       1974.349      0.1177572E+08   1189.540       92.95397    
  5467.863      0.1479865E-04  0.1706527E-06   6065540.       3000959.       10.53237       13.56867       7.408346       1970.948      0.1204478E+08   1188.891       92.70601    
  5481.818      0.1467987E-04  0.1692108E-06   6115158.       3021102.       10.56189       13.60277       7.423699       1966.910      0.1231210E+08   1188.245       92.47001    
  5495.691      0.1456327E-04  0.1677950E-06   6164714.       3041173.       10.59120       13.63660       7.438912       1962.914      0.1257879E+08   1187.608       92.23659    
  5510.071      0.1445269E-04  0.1664552E-06   6212522.       3060515.       10.61831       13.66774       7.452786       1959.588      0.1284586E+08   1186.985       91.99587    
  5523.789      0.1434024E-04  0.1650891E-06   6261938.       3080430.       10.64721       13.70104       7.467704       1955.674      0.1311129E+08   1186.366       91.76741    
  5538.100      0.1423432E-04  0.1638009E-06   6309451.       3099449.       10.67371       13.73133       7.481038       1952.541      0.1337730E+08   1185.763       91.53027    
  5551.669      0.1412580E-04  0.1624817E-06   6358729.       3119211.       10.70221       13.76411       7.495673       1948.705      0.1364149E+08   1185.160       91.30656    
  5565.162      0.1401917E-04  0.1611853E-06   6407949.       3138905.       10.73052       13.79665       7.510178       1944.908      0.1390509E+08   1184.564       91.08518    
  5579.282      0.1391889E-04  0.1599652E-06   6455166.       3157590.       10.75634       13.82602       7.522959       1941.829      0.1416917E+08   1183.985       90.85467    
  5592.632      0.1381587E-04  0.1587121E-06   6504253.       3177135.       10.78427       13.85807       7.537194       1938.106      0.1443156E+08   1183.405       90.63778    
  5605.911      0.1371459E-04  0.1574799E-06   6553284.       3196615.       10.81201       13.88989       7.551306       1934.418      0.1469337E+08   1182.832       90.42309    
  5619.906      0.1362007E-04  0.1563245E-06   6600159.       3214893.       10.83709       13.91821       7.563430       1931.545      0.1495582E+08   1182.278       90.19791    
  5633.049      0.1352212E-04  0.1551323E-06   6649060.       3234228.       10.86447       13.94956       7.577284       1927.927      0.1521644E+08   1181.719       89.98747    
  5646.988      0.1343138E-04  0.1540176E-06   6695688.       3252185.       10.88903       13.97711       7.588907       1925.213      0.1547789E+08   1181.181       89.76534    
  5660.000      0.1333659E-04  0.1528634E-06   6744461.       3271379.       10.91605       14.00801       7.602514       1921.662      0.1573735E+08   1180.635       89.55897    
  5672.944      0.1324333E-04  0.1517277E-06   6793183.       3290510.       10.94290       14.03870       7.616008       1918.144      0.1599626E+08   1180.096       89.35462    
  5686.739      0.1315736E-04  0.1506680E-06   6839543.       3308115.       10.96685       14.06538       7.627086       1915.534      0.1625600E+08   1179.579       89.13786    
  5699.559      0.1306703E-04  0.1495675E-06   6888141.       3327109.       10.99336       14.09564       7.640344       1912.080      0.1651377E+08   1179.052       88.93737    
  5713.314      0.1298461E-04  0.1485422E-06   6934334.       3344434.       11.01687       14.12167       7.650983       1909.694      0.1677267E+08   1178.552       88.72325    
  5726.012      0.1289704E-04  0.1474752E-06   6982810.       3363295.       11.04305       14.15150       7.664015       1906.300      0.1702932E+08   1178.036       88.52649    
  5738.647      0.1281083E-04  0.1464246E-06   7031238.       3382098.       11.06907       14.18115       7.676943       1902.937      0.1728544E+08   1177.527       88.33158    
  5752.305      0.1273290E-04  0.1454488E-06   7077139.       3399017.       11.09195       14.20625       7.686979       1900.711      0.1754279E+08   1177.046       88.12185    
  5764.824      0.1264926E-04  0.1444294E-06   7125448.       3417691.       11.11765       14.23549       7.699692       1897.405      0.1779782E+08   1176.547       87.93048    
  5778.450      0.1257451E-04  0.1434837E-06   7171203.       3434339.       11.14013       14.25999       7.709316       1895.383      0.1805434E+08   1176.082       87.72313    
  5790.857      0.1249332E-04  0.1424941E-06   7219395.       3452889.       11.16552       14.28884       7.721824       1892.133      0.1830829E+08   1175.594       87.53519    
  3134.296      0.4592657E-04  0.1268648E-05   869508.8       293770.3       5.267045       6.343405       3.061498       2613.969     -0.1178382E+08   1266.389       161.7281    
  3233.154      0.4098899E-04  0.1097365E-05   984458.9       600886.5       5.518050       7.431626       4.311050       2598.330     -0.1134144E+08   1252.867       156.7831    
  3298.934      0.3579637E-04  0.9599990E-06   1113558.       634225.9       5.809912       7.706403       4.384653       2574.681     -0.1092203E+08   1240.647       153.6568    
  3355.613      0.3224883E-04  0.8667551E-06   1224370.       663819.5       6.040465       7.928663       4.447737       2554.492     -0.1050602E+08   1232.237       151.0615    
  3397.974      0.2961913E-04  0.8077415E-06   1304284.       685415.6       6.195496       8.079557       4.491248       2540.770     -0.1008516E+08   1225.470       149.1783    
  3447.573      0.2751053E-04  0.7487301E-06   1401738.       712549.2       6.376417       8.259311       4.546223       2523.680      -9677143.       1220.594       147.0321    
  3489.383      0.2575348E-04  0.7049391E-06   1482879.       735197.5       6.518963       8.401763       4.590159       2512.390      -9263716.       1216.276       145.2703    
  3534.144      0.2606717E-04  0.6657954E-06   1572859.       773636.6       6.671181       8.584392       4.678713       2497.915      -8860830.       1218.904       143.4304    
  3580.211      0.2441174E-04  0.6292356E-06   1659065.       797961.2       6.807339       8.721086       4.721028       2489.623      -8452823.       1214.478       141.5849    
  3648.024      0.2308815E-04  0.5840198E-06   1785451.       846667.3       6.995924       8.938020       4.817565       2478.500      -8055325.       1211.867       138.9530    
  3780.237      0.2284593E-04  0.5074088E-06   2052761.       987669.1       7.369019       9.441328       5.111474       2455.708      -7695090.       1214.898       134.0931    
  3823.416      0.2190807E-04  0.4835558E-06   2146767.       1027386.       7.493189       9.590398       5.183713       2448.700      -7313073.       1212.283       132.5788    
  3858.316      0.2086321E-04  0.4656643E-06   2224275.       1055326.       7.592685       9.701451       5.229912       2437.321      -6941645.       1208.987       131.3795    
  3929.922      0.1897967E-04  0.4357122E-06   2367694.       1130005.       7.761950       9.929068       5.362265       2414.130      -6597464.       1203.133       128.9857    
  3974.651      0.1865766E-04  0.4191533E-06   2464563.       1183920.       7.874455       10.08577       5.457725       2394.416      -6251819.       1202.861       127.5342    
  4042.451      0.1850265E-04  0.3952988E-06   2617692.       1255342.       8.047053       10.30342       5.572610       2364.226      -5930564.       1203.580       125.3951    
  4320.274      0.2460665E-04  0.3636391E-06   2934378.       1560539.       8.241427       10.77417       6.010099       2365.594      -5566568.       1234.360       117.3314    
  4353.607      0.2426670E-04  0.3539014E-06   3011895.       1601516.       8.317547       10.87334       6.065142       2356.166      -5236865.       1233.198       116.4330    
  4376.535      0.2375696E-04  0.3464844E-06   3071112.       1624756.       8.376887       10.93944       6.092968       2347.916      -4907256.       1231.183       115.8231    
  4454.804      0.2430357E-04  0.3291136E-06   3239376.       1756809.       8.527394       11.19367       6.279832       2335.700      -4590940.       1234.061       113.7881    
  4476.964      0.2384979E-04  0.3227532E-06   3298257.       1780990.       8.583224       11.25670       6.307234       2328.577      -4267174.       1232.213       113.2249    
  4499.050      0.2342790E-04  0.3166747E-06   3356958.       1805004.       8.637987       11.31847       6.334009       2322.294      -3943604.       1230.501       112.6691    
  4520.273      0.2299844E-04  0.3108501E-06   3415042.       1828469.       8.691920       11.37907       6.360063       2314.574      -3624111.       1228.732       112.1401    
  4541.208      0.2258736E-04  0.3052638E-06   3472880.       1851676.       8.744988       11.43859       6.385528       2307.028      -3305868.       1227.037       111.6231    
  4562.075      0.2220260E-04  0.2999080E-06   3530552.       1874706.       8.797112       11.49697       6.410404       2300.264      -2987822.       1225.453       111.1126    
  4582.682      0.2183478E-04  0.2947625E-06   3587962.       1897486.       8.848386       11.55428       6.434717       2293.831      -2670705.       1223.939       110.6129    
  4602.817      0.2147165E-04  0.2898060E-06   3645090.       1919967.       8.899021       11.61076       6.458549       2286.747      -2356146.       1222.434       110.1290    
  4622.704      0.2112265E-04  0.2850336E-06   3702008.       1942223.       8.948920       11.66632       6.481888       2279.814      -2042749.       1220.985       109.6553    
  4642.350      0.2078687E-04  0.2804346E-06   3758722.       1964262.       8.998108       11.72099       6.504753       2273.021      -1730500.       1219.589       109.1912    
  4661.764      0.2046349E-04  0.2759994E-06   3815241.       1986089.       9.046609       11.77481       6.527159       2266.358      -1419391.       1218.242       108.7365    
  4680.973      0.2015110E-04  0.2717222E-06   3871488.       2007586.       9.094335       11.82756       6.548910       2259.639      -1109709.       1216.936       108.2903    
  4699.979      0.1984932E-04  0.2675930E-06   3927485.       2028782.       9.141328       11.87932       6.570066       2252.895      -801377.6       1215.672       107.8523    
  4718.688      0.1956120E-04  0.2635861E-06   3983680.       2050349.       9.188224       11.93143       6.591788       2247.119      -492678.3       1214.469       107.4247    
  4737.244      0.1928103E-04  0.2597197E-06   4039486.       2071396.       9.234219       11.98215       6.612546       2240.957      -185892.3       1213.292       107.0039    
  4755.666      0.1900791E-04  0.2559903E-06   4094849.       2091876.       9.279258       12.03138       6.632271       2234.300       118802.1       1212.138       106.5894    
  4773.832      0.1874599E-04  0.2523661E-06   4150326.       2112566.       9.324114       12.08069       6.652296       2228.357       423511.0       1211.033       106.1838    
  4791.810      0.1849249E-04  0.2488540E-06   4205649.       2133083.       9.368428       12.12934       6.671969       2222.518       727205.9       1209.960       105.7854    
  4809.676      0.1824496E-04  0.2454598E-06   4260538.       2153056.       9.411836       12.17659       6.690672       2216.170       1028850.       1208.907       105.3925    
  4827.297      0.1800707E-04  0.2421560E-06   4315563.       2173243.       9.455113       12.22398       6.709685       2210.528       1330558.       1207.896       105.0078    
  4844.905      0.1777200E-04  0.2389761E-06   4369784.       2192453.       9.497020       12.26908       6.727017       2203.593       1628927.       1206.885       104.6262    
  4862.258      0.1754649E-04  0.2358741E-06   4424231.       2212008.       9.538935       12.31459       6.744882       2197.547       1927709.       1205.917       104.2528    
  4879.380      0.1732940E-04  0.2328479E-06   4478831.       2231733.       9.580761       12.36022       6.762991       2192.177       2226535.       1204.987       103.8869    
  4896.344      0.1711857E-04  0.2299060E-06   4533300.       2251308.       9.622132       12.40529       6.780809       2186.892       2524432.       1204.081       103.5270    
  4913.220      0.1691216E-04  0.2270560E-06   4587361.       2270454.       9.662697       12.44920       6.797876       2181.131       2820470.       1203.188       103.1714    
  4929.879      0.1671305E-04  0.2242722E-06   4641577.       2289742.       9.703192       12.49321       6.815146       2176.007       3116541.       1202.327       102.8228    
  4946.391      0.1651940E-04  0.2215624E-06   4695672.       2308890.       9.743268       12.53671       6.832151       2170.960       3411718.       1201.487       102.4795    
  4962.834      0.1632944E-04  0.2189362E-06   4749333.       2327622.       9.782535       12.57906       6.848436       2165.407       3705031.       1200.657       102.1400    
  4979.062      0.1614605E-04  0.2163655E-06   4803191.       2346501.       9.821801       12.62158       6.864938       2160.507       3998455.       1199.856       101.8071    
  4995.232      0.1596600E-04  0.2138728E-06   4856606.       2364984.       9.860265       12.66299       6.880758       2155.090       4290027.       1199.064       101.4775    
  5011.191      0.1579204E-04  0.2114302E-06   4910238.       2383604.       9.898760       12.70458       6.896784       2150.329       4581741.       1198.300       101.1544    
  5027.019      0.1562250E-04  0.2090479E-06   4963763.       2402098.       9.936886       12.74572       6.912579       2145.635       4872618.       1197.553       100.8359    
  5042.795      0.1545596E-04  0.2067357E-06   5016860.       2420248.       9.974252       12.78585       6.927782       2140.465       5161754.       1196.812       100.5204    
  5058.371      0.1529477E-04  0.2044672E-06   5070174.       2438497.       10.01166       12.82613       6.943138       2135.898       5450986.       1196.097       100.2109    
  5073.914      0.1513615E-04  0.2022663E-06   5123010.       2456391.       10.04826       12.86535       6.957884       2130.781       5738378.       1195.386       99.90390    
  5089.248      0.1498267E-04  0.2001032E-06   5176121.       2474405.       10.08499       12.90480       6.972822       2126.335       6026005.       1194.700       99.60288    
  5104.466      0.1483282E-04  0.1979901E-06   5229137.       2492304.       10.12138       12.94387       6.987557       2121.948       6312845.       1194.028       99.30594    
  5119.657      0.1468531E-04  0.1959387E-06   5281676.       2509894.       10.15700       12.98194       7.001760       2117.046       6597942.       1193.360       99.01127    
  5134.648      0.1454234E-04  0.1939200E-06   5334501.       2527570.       10.19275       13.02024       7.016107       2112.771       6883234.       1192.714       98.72220    
  5149.623      0.1440152E-04  0.1919601E-06   5386832.       2544954.       10.22772       13.05756       7.029951       2107.968       7166785.       1192.071       98.43512    
  5164.397      0.1426495E-04  0.1900294E-06   5439473.       2562415.       10.26286       13.09512       7.043928       2103.799       7450563.       1191.449       98.15352    
  5179.066      0.1413140E-04  0.1881405E-06   5492027.       2579769.       10.29771       13.13233       7.057725       2099.681       7733601.       1190.839       97.87553    
  5193.730      0.1399975E-04  0.1863066E-06   5544062.       2596855.       10.33176       13.16859       7.071053       2095.022       8014907.       1190.230       97.59917    
  5208.194      0.1387195E-04  0.1844970E-06   5596443.       2614003.       10.36603       13.20511       7.084505       2091.003       8296482.       1189.642       97.32813    
  5222.660      0.1374597E-04  0.1827403E-06   5648288.       2630913.       10.39950       13.24070       7.097532       2086.463       8576383.       1189.055       97.05854    
  5236.927      0.1362354E-04  0.1810050E-06   5700502.       2647862.       10.43322       13.27657       7.110652       2082.538       8856528.       1188.486       96.79412    
  5251.098      0.1350366E-04  0.1793051E-06   5752636.       2664713.       10.46667       13.31211       7.123611       2078.658       9135972.       1187.928       96.53291    
  5265.283      0.1338541E-04  0.1776548E-06   5804212.       2681349.       10.49931       13.34674       7.136180       2074.250       9413754.       1187.370       96.27284    
  5279.268      0.1327039E-04  0.1760223E-06   5856187.       2698010.       10.53224       13.38167       7.148829       2070.458       9691815.       1186.829       96.01781    
  5293.162      0.1315768E-04  0.1744220E-06   5908088.       2714577.       10.56491       13.41629       7.161326       2066.708       9969197.       1186.298       95.76578    
  5307.091      0.1304635E-04  0.1728691E-06   5959371.       2730941.       10.59673       13.44998       7.173446       2062.357      0.1024482E+08   1185.766       95.51443    
  5320.809      0.1293806E-04  0.1713302E-06   6011121.       2747325.       10.62891       13.48401       7.185652       2058.689      0.1052086E+08   1185.251       95.26818    
  5334.564      0.1283114E-04  0.1698366E-06   6062253.       2763546.       10.66025       13.51716       7.197537       2054.460      0.1079523E+08   1184.735       95.02253    
  5348.017      0.1272783E-04  0.1683474E-06   6114198.       2779895.       10.69236       13.55113       7.209710       2051.469      0.1107097E+08   1184.241       94.78350    
  5361.480      0.1262565E-04  0.1668939E-06   6165735.       2796011.       10.72383       13.58433       7.221494       2047.918      0.1134506E+08   1183.749       94.54549    
  5418.889      0.1440206E-04  0.1716625E-06   6029645.       2913332.       10.54850       13.52606       7.332293       2023.539      0.1158265E+08   1190.897       93.54385    
  5450.063      0.1498724E-04  0.1725007E-06   6009784.       2972097.       10.50095       13.52705       7.384663       2013.145      0.1184067E+08   1193.095       93.00878    
  5464.123      0.1486545E-04  0.1710246E-06   6059489.       2992374.       10.53071       13.56151       7.400273       2009.042      0.1210857E+08   1192.436       92.76946    
  5478.178      0.1474501E-04  0.1696003E-06   6108259.       3012559.       10.55943       13.59501       7.415658       2004.400      0.1237484E+08   1191.772       92.53144    
  5492.074      0.1462770E-04  0.1681773E-06   6157830.       3032675.       10.58877       13.62893       7.430958       2000.384      0.1264148E+08   1191.133       92.29733    
  5506.501      0.1451694E-04  0.1668290E-06   6205727.       3052031.       10.61594       13.66014       7.444862       1997.185      0.1290879E+08   1190.512       92.05551    
  5520.241      0.1440382E-04  0.1654561E-06   6255157.       3071994.       10.64486       13.69353       7.459868       1993.251      0.1317416E+08   1189.891       91.82639    
  5534.582      0.1429769E-04  0.1641579E-06   6302830.       3091026.       10.67150       13.72394       7.473239       1990.255      0.1344044E+08   1189.292       91.58844    
  5548.172      0.1418853E-04  0.1628323E-06   6352123.       3110839.       10.70002       13.75681       7.487965       1986.399      0.1370458E+08   1188.687       91.36411    
  5561.685      0.1408127E-04  0.1615297E-06   6401358.       3130584.       10.72835       13.78944       7.502559       1982.583      0.1396812E+08   1188.091       91.14212    
  5575.875      0.1398115E-04  0.1603027E-06   6448655.       3149289.       10.75420       13.81884       7.515360       1979.705      0.1423256E+08   1187.517       90.91018    
  5589.245      0.1387753E-04  0.1590437E-06   6497756.       3168888.       10.78214       13.85098       7.529686       1975.962      0.1449489E+08   1186.936       90.69271    
  5602.543      0.1377567E-04  0.1578058E-06   6546803.       3188422.       10.80991       13.88288       7.543889       1972.256      0.1475665E+08   1186.363       90.47744    
  5616.599      0.1368131E-04  0.1566429E-06   6593793.       3206733.       10.83505       13.91127       7.556048       1969.584      0.1501947E+08   1185.814       90.25102    
  5629.761      0.1358280E-04  0.1554454E-06   6642709.       3226126.       10.86245       13.94271       7.569997       1965.948      0.1528004E+08   1185.256       90.04002    
  5643.752      0.1349221E-04  0.1543227E-06   6689488.       3244158.       10.88711       13.97040       7.581708       1963.431      0.1554185E+08   1184.724       89.81680    
  5656.782      0.1339688E-04  0.1531635E-06   6738277.       3263413.       10.91414       14.00139       7.595411       1959.862      0.1580126E+08   1184.179       89.60991    
  5669.745      0.1330309E-04  0.1520228E-06   6787014.       3282606.       10.94101       14.03217       7.609001       1956.326      0.1606011E+08   1183.640       89.40504    
  5683.630      0.1321761E-04  0.1509574E-06   6833459.       3300241.       10.96497       14.05886       7.620086       1953.981      0.1632032E+08   1183.131       89.18662    
  5696.467      0.1312676E-04  0.1498522E-06   6882072.       3319301.       10.99150       14.08920       7.633443       1950.509      0.1657804E+08   1182.605       88.98564    
  5710.295      0.1304461E-04  0.1488216E-06   6928337.       3336694.       11.01502       14.11528       7.644145       1948.296      0.1683726E+08   1182.111       88.77016    
  5723.010      0.1295655E-04  0.1477502E-06   6976827.       3355625.       11.04121       14.14521       7.657278       1944.884      0.1709386E+08   1181.597       88.57293    
  5735.662      0.1286985E-04  0.1466952E-06   7025270.       3374497.       11.06725       14.17494       7.670306       1941.504      0.1734992E+08   1181.089       88.37755    
  5749.430      0.1279268E-04  0.1457141E-06   7071277.       3391471.       11.09013       14.20005       7.680361       1939.603      0.1760786E+08   1180.619       88.16591    
  5761.966      0.1270856E-04  0.1446905E-06   7119600.       3410220.       11.11584       14.22938       7.693180       1936.280      0.1786282E+08   1180.122       87.97410    
  5775.718      0.1263464E-04  0.1437409E-06   7165408.       3426924.       11.13826       14.25384       7.702811       1934.558      0.1811990E+08   1179.667       87.76464    
  5788.141      0.1255298E-04  0.1427473E-06   7213614.       3445555.       11.16367       14.28278       7.715428       1931.291      0.1837377E+08   1179.180       87.57627    
